line 15 240 291 241 289
line 15 241 292 240 291
line 15 241 289 242 291
line 15 242 291 251 297
line 15 249 299 241 292
line 15 251 301 249 299
line 15 251 297 253 299
line 15 253 299 262 305
line 15 258 306 251 301
line 15 262 311 258 306
line 15 262 305 263 306
line 15 263 306 272 312
line 15 264 314 262 311
line 15 272 319 264 314
line 15 272 312 275 314
line 15 275 314 283 319
line 15 275 322 272 319
line 15 283 326 275 322
line 15 283 319 290 322
line 15 290 322 293 325
line 15 288 330 283 326
line 15 293 333 288 330
line 15 293 325 304 327
line 15 304 336 293 333
line 15 304 327 312 330
line 15 312 330 314 331
line 15 306 338 304 336
line 15 314 341 306 338
line 15 314 331 325 333
line 15 325 343 314 341
line 15 325 333 335 333
line 15 335 344 325 343
line 15 335 333 346 334
line 15 340 346 335 344
line 15 346 347 340 346
line 15 354 243 356 241
line 15 353 251 356 248
line 15 348 251 354 243
line 15 356 259 356 258
line 15 353 259 356 253
line 15 350 259 353 251
line 15 347 259 348 251
line 15 355 267 356 259
line 15 352 267 353 259
line 15 350 267 350 259
line 15 347 267 347 259
line 15 356 270 355 267
line 15 356 275 352 267
line 15 352 275 350 267
line 15 348 275 347 267
line 15 356 279 352 275
line 15 356 283 348 275
line 15 346 334 356 334
line 15 356 348 346 347
line 15 364 236 367 233
line 15 359 236 367 229
line 15 365 243 367 242
line 15 362 243 367 238
line 15 359 243 364 236
line 15 356 241 359 236
line 15 366 251 365 243
line 15 358 251 362 243
line 15 356 248 359 243
line 15 367 257 364 259
line 15 356 258 366 251
line 15 356 253 358 251
line 15 363 267 367 266
line 15 364 259 367 259
line 15 365 275 367 273
line 15 363 275 367 271
line 15 362 275 367 269
line 15 360 275 363 267
line 15 358 275 356 270
line 15 356 275 356 275
line 15 366 283 365 275
line 15 364 283 363 275
line 15 363 283 362 275
line 15 362 283 360 275
line 15 360 283 358 275
line 15 359 283 356 275
line 15 358 283 356 279
line 15 356 283 356 283
line 15 367 284 366 283
line 15 367 285 364 283
line 15 367 286 363 283
line 15 367 287 362 283
line 15 367 288 360 283
line 15 367 289 359 283
line 15 367 290 358 283
line 15 361 291 356 283
line 15 367 295 361 291
line 15 356 334 367 333
line 15 367 348 356 348
line 15 374 228 377 225
line 15 368 228 377 221
line 15 374 236 377 233
line 15 367 233 374 228
line 15 367 229 368 228
line 15 367 242 368 243
line 15 377 237 372 243
line 15 367 238 374 236
line 15 377 241 376 243
line 15 368 243 367 251
line 15 372 243 371 251
line 15 376 243 374 251
line 15 367 251 367 257
line 15 371 251 370 259
line 15 374 251 374 259
line 15 367 266 368 267
line 15 367 259 371 267
line 15 370 259 374 267
line 15 374 259 377 265
line 15 367 273 369 275
line 15 367 271 372 275
line 15 367 269 374 275
line 15 368 267 377 275
line 15 371 267 377 272
line 15 374 267 377 269
line 15 375 283 377 282
line 15 371 283 377 281
line 15 367 283 377 280
line 15 369 275 377 279
line 15 372 275 377 277
line 15 374 275 377 276
line 15 377 275 377 275
line 15 377 284 375 283
line 15 377 288 371 283
line 15 377 291 367 283
line 15 376 291 367 284
line 15 374 291 367 285
line 15 373 291 367 286
line 15 371 291 367 287
line 15 370 291 367 288
line 15 369 291 367 289
line 15 367 291 367 290
line 15 377 291 377 291
line 15 377 292 376 291
line 15 377 293 374 291
line 15 377 294 373 291
line 15 377 295 371 291
line 15 377 296 370 291
line 15 377 296 369 291
line 15 377 297 367 291
line 15 377 298 367 295
line 15 376 338 377 338
line 15 367 333 377 332
line 15 377 338 376 338
line 15 377 346 367 348
line 15 380 220 388 215
line 15 377 225 388 221
line 15 377 221 380 220
line 15 377 233 378 236
line 15 388 231 383 236
line 15 378 236 377 237
line 15 383 236 377 241
line 15 388 236 384 243
line 15 384 243 378 251
line 15 378 251 388 254
line 15 387 267 388 267
line 15 386 267 388 266
line 15 385 267 388 265
line 15 384 267 388 264
line 15 383 267 388 263
line 15 381 267 388 263
line 15 380 267 388 262
line 15 379 267 388 261
line 15 378 267 388 260
line 15 377 265 388 260
line 15 388 275 388 275
line 15 387 275 388 274
line 15 387 275 388 274
line 15 386 275 388 273
line 15 386 275 388 273
line 15 385 275 388 272
line 15 385 275 388 271
line 15 384 275 388 271
line 15 384 275 388 270
line 15 383 275 388 270
line 15 382 275 388 269
line 15 382 275 388 268
line 15 381 275 388 268
line 15 381 275 388 267
line 15 380 275 387 267
line 15 380 275 386 267
line 15 379 275 385 267
line 15 379 275 384 267
line 15 378 275 383 267
line 15 378 275 381 267
line 15 377 275 380 267
line 15 377 272 379 267
line 15 377 269 378 267
line 15 388 275 388 275
line 15 388 276 387 275
line 15 388 276 387 275
line 15 388 277 386 275
line 15 388 278 386 275
line 15 388 279 385 275
line 15 388 280 385 275
line 15 388 280 384 275
line 15 388 281 384 275
line 15 388 282 383 275
line 15 388 283 382 275
line 15 385 283 382 275
line 15 382 283 381 275
line 15 379 283 381 275
line 15 377 282 380 275
line 15 377 281 380 275
line 15 377 280 379 275
line 15 377 279 379 275
line 15 377 277 378 275
line 15 377 276 378 275
line 15 377 275 377 275
line 15 388 291 388 290
line 15 386 291 388 288
line 15 385 291 388 286
line 15 384 291 388 283
line 15 383 291 385 283
line 15 382 291 382 283
line 15 380 291 379 283
line 15 379 291 377 284
line 15 378 291 377 288
line 15 388 291 388 291
line 15 388 291 386 291
line 15 388 292 385 291
line 15 388 292 384 291
line 15 388 293 383 291
line 15 388 293 382 291
line 15 388 294 380 291
line 15 388 294 379 291
line 15 388 294 378 291
line 15 388 295 377 291
line 15 388 295 377 292
line 15 388 296 377 293
line 15 388 296 377 294
line 15 388 297 377 295
line 15 388 297 377 296
line 15 388 298 377 296
line 15 388 298 377 297
line 15 382 299 377 298
line 15 388 302 382 299
line 15 377 338 388 336
line 15 377 332 388 330
line 15 388 340 377 338
line 15 388 344 378 346
line 15 378 346 377 346
line 15 390 220 398 217
line 15 388 215 398 213
line 15 398 223 393 228
line 15 388 221 390 220
line 15 393 228 388 231
line 15 398 230 389 236
line 15 389 236 388 236
line 15 396 259 398 258
line 15 394 259 398 256
line 15 391 259 398 255
line 15 389 259 398 253
line 15 388 254 398 252
line 15 398 267 398 267
line 15 397 267 398 266
line 15 397 267 398 266
line 15 396 267 398 266
line 15 395 267 398 266
line 15 395 267 398 265
line 15 394 267 398 265
line 15 394 267 398 265
line 15 393 267 398 264
line 15 393 267 398 264
line 15 392 267 398 264
line 15 391 267 398 263
line 15 391 267 398 263
line 15 390 267 398 263
line 15 390 267 398 262
line 15 389 267 398 262
line 15 389 267 398 262
line 15 388 267 398 261
line 15 388 267 398 261
line 15 388 266 398 261
line 15 388 265 398 260
line 15 388 264 398 260
line 15 388 263 398 260
line 15 388 263 398 259
line 15 388 262 396 259
line 15 388 261 394 259
line 15 388 260 391 259
line 15 388 260 389 259
line 15 398 275 398 275
line 15 398 275 398 274
line 15 397 275 398 274
line 15 397 275 398 274
line 15 396 275 398 273
line 15 396 275 398 273
line 15 395 275 398 272
line 15 395 275 398 272
line 15 395 275 398 272
line 15 394 275 398 271
line 15 394 275 398 271
line 15 393 275 398 271
line 15 393 275 398 270
line 15 393 275 398 270
line 15 392 275 398 269
line 15 392 275 398 269
line 15 391 275 398 269
line 15 391 275 398 268
line 15 391 275 398 268
line 15 390 275 398 268
line 15 390 275 398 267
line 15 389 275 398 267
line 15 389 275 397 267
line 15 389 275 397 267
line 15 388 275 396 267
line 15 388 275 395 267
line 15 388 274 395 267
line 15 388 274 394 267
line 15 388 273 394 267
line 15 388 273 393 267
line 15 388 272 393 267
line 15 388 271 392 267
line 15 388 271 391 267
line 15 388 270 391 267
line 15 388 270 390 267
line 15 388 269 390 267
line 15 388 268 389 267
line 15 388 268 389 267
line 15 388 267 388 267
line 15 398 275 398 275
line 15 398 276 398 275
line 15 398 276 397 275
line 15 398 276 397 275
line 15 398 277 396 275
line 15 398 277 396 275
line 15 398 278 395 275
line 15 398 278 395 275
line 15 398 279 395 275
line 15 398 279 394 275
line 15 398 279 394 275
line 15 398 280 393 275
line 15 398 280 393 275
line 15 398 281 393 275
line 15 398 281 392 275
line 15 398 281 392 275
line 15 398 282 391 275
line 15 398 282 391 275
line 15 398 283 391 275
line 15 398 283 390 275
line 15 397 283 390 275
line 15 396 283 389 275
line 15 396 283 389 275
line 15 395 283 389 275
line 15 395 283 388 275
line 15 394 283 388 275
line 15 393 283 388 276
line 15 393 283 388 276
line 15 392 283 388 277
line 15 391 283 388 278
line 15 391 283 388 279
line 15 390 283 388 280
line 15 390 283 388 280
line 15 389 283 388 281
line 15 388 283 388 282
line 15 388 283 388 283
line 15 398 283 398 283
line 15 398 284 397 283
line 15 398 285 396 283
line 15 398 286 396 283
line 15 398 286 395 283
line 15 398 287 395 283
line 15 398 288 394 283
line 15 398 288 393 283
line 15 398 289 393 283
line 15 398 290 392 283
line 15 398 291 391 283
line 15 395 291 391 283
line 15 391 291 390 283
line 15 388 290 390 283
line 15 388 288 389 283
line 15 388 286 388 283
line 15 388 283 388 283
line 15 398 291 395 291
line 15 398 291 391 291
line 15 398 292 388 291
line 15 398 292 388 291
line 15 398 293 388 292
line 15 398 293 388 292
line 15 398 293 388 293
line 15 398 294 388 293
line 15 398 294 388 294
line 15 398 295 388 294
line 15 398 295 388 294
line 15 398 295 388 295
line 15 398 296 388 295
line 15 398 296 388 296
line 15 398 297 388 296
line 15 398 297 388 297
line 15 398 297 388 297
line 15 398 298 388 298
line 15 398 298 388 298
line 15 398 302 388 302
line 15 388 330 398 324
line 15 388 336 398 337
line 15 388 330 388 330
line 15 398 338 388 340
line 15 398 343 388 344
line 15 401 212 409 208
line 15 398 217 408 220
line 15 398 213 401 212
line 15 408 220 398 223
line 15 409 226 402 228
line 15 402 228 398 230
line 15 407 259 409 259
line 15 403 259 409 258
line 15 399 259 409 257
line 15 398 258 409 256
line 15 398 256 409 255
line 15 398 255 409 254
line 15 398 253 409 253
line 15 398 252 409 252
line 15 398 267 399 267
line 15 398 266 400 267
line 15 398 266 401 267
line 15 398 266 402 267
line 15 398 266 403 267
line 15 398 265 404 267
line 15 398 265 405 267
line 15 398 265 406 267
line 15 398 264 407 267
line 15 398 264 408 267
line 15 398 264 409 267
line 15 398 263 409 266
line 15 398 263 409 266
line 15 398 263 409 265
line 15 398 262 409 264
line 15 398 262 409 263
line 15 398 262 409 263
line 15 398 261 409 262
line 15 398 261 409 261
line 15 398 261 409 260
line 15 398 260 409 260
line 15 398 260 407 259
line 15 398 260 403 259
line 15 398 259 399 259
line 15 398 275 399 275
line 15 398 274 399 275
line 15 398 274 400 275
line 15 398 274 400 275
line 15 398 273 401 275
line 15 398 273 401 275
line 15 398 272 402 275
line 15 398 272 403 275
line 15 398 272 403 275
line 15 398 271 404 275
line 15 398 271 404 275
line 15 398 271 405 275
line 15 398 270 405 275
line 15 398 270 406 275
line 15 398 269 407 275
line 15 398 269 407 275
line 15 398 269 408 275
line 15 398 268 408 275
line 15 398 268 409 275
line 15 398 268 409 274
line 15 398 267 409 273
line 15 399 267 409 273
line 15 400 267 409 272
line 15 401 267 409 272
line 15 402 267 409 271
line 15 403 267 409 271
line 15 404 267 409 270
line 15 405 267 409 269
line 15 406 267 409 269
line 15 407 267 409 268
line 15 408 267 409 268
line 15 409 267 409 267
line 15 399 275 398 275
line 15 399 275 398 276
line 15 400 275 398 276
line 15 400 275 398 276
line 15 401 275 398 277
line 15 401 275 398 277
line 15 402 275 398 278
line 15 403 275 398 278
line 15 403 275 398 279
line 15 404 275 398 279
line 15 404 275 398 279
line 15 405 275 398 280
line 15 405 275 398 280
line 15 406 275 398 281
line 15 407 275 398 281
line 15 407 275 398 281
line 15 408 275 398 282
line 15 408 275 398 282
line 15 409 278 398 283
line 15 409 283 398 283
line 15 409 283 398 284
line 15 409 283 398 285
line 15 409 284 398 286
line 15 409 284 398 286
line 15 409 284 398 287
line 15 409 285 398 288
line 15 409 285 398 288
line 15 409 285 398 289
line 15 409 286 398 290
line 15 409 286 398 291
line 15 409 286 399 291
line 15 409 287 400 291
line 15 409 287 400 291
line 15 409 287 401 291
line 15 409 288 402 291
line 15 409 288 402 291
line 15 409 288 403 291
line 15 409 289 404 291
line 15 409 289 405 291
line 15 409 289 405 291
line 15 409 290 406 291
line 15 409 290 407 291
line 15 409 290 408 291
line 15 409 291 408 291
line 15 399 291 398 291
line 15 400 291 398 291
line 15 400 291 398 292
line 15 401 291 398 292
line 15 402 291 398 293
line 15 402 291 398 293
line 15 403 291 398 293
line 15 404 291 398 294
line 15 405 291 398 294
line 15 405 291 398 295
line 15 406 291 398 295
line 15 407 291 398 295
line 15 408 291 398 296
line 15 408 291 398 296
line 15 409 291 398 297
line 15 409 293 398 297
line 15 409 294 398 297
line 15 409 296 398 298
line 15 409 297 398 298
line 15 409 298 405 299
line 15 405 299 398 302
line 15 403 322 409 318
line 15 399 330 409 325
line 15 398 324 403 322
line 15 409 334 398 338
line 15 398 337 399 330
line 15 409 338 408 338
line 15 398 338 398 338
line 15 408 338 398 343
line 15 419 212 419 212
line 15 409 208 419 206
line 15 419 212 419 212
line 15 419 222 409 226
line 15 409 259 410 259
line 15 409 258 412 259
line 15 409 257 415 259
line 15 409 256 417 259
line 15 409 255 419 259
line 15 409 254 419 257
line 15 409 253 419 255
line 15 409 252 419 252
line 15 409 266 411 267
line 15 409 266 414 267
line 15 409 265 417 267
line 15 409 264 419 267
line 15 409 263 419 266
line 15 409 263 419 265
line 15 409 262 419 265
line 15 409 261 419 264
line 15 409 260 419 263
line 15 409 260 419 263
line 15 410 259 419 262
line 15 412 259 419 261
line 15 415 259 419 261
line 15 417 259 419 260
line 15 409 275 409 275
line 15 409 274 409 275
line 15 409 273 410 275
line 15 409 273 410 275
line 15 409 272 411 275
line 15 409 272 411 275
line 15 409 271 411 275
line 15 409 271 412 275
line 15 409 270 412 275
line 15 409 269 413 275
line 15 409 269 413 275
line 15 409 268 413 275
line 15 409 268 414 275
line 15 409 267 414 275
line 15 411 267 415 275
line 15 414 267 415 275
line 15 417 267 416 275
line 15 419 267 416 275
line 15 419 268 416 275
line 15 419 269 417 275
line 15 419 270 417 275
line 15 419 271 418 275
line 15 419 272 418 275
line 15 419 273 418 275
line 15 419 274 419 275
line 15 409 275 409 278
line 15 409 275 409 283
line 15 410 275 409 283
line 15 410 275 410 283
line 15 411 275 410 283
line 15 411 275 410 283
line 15 411 275 411 283
line 15 412 275 411 283
line 15 412 275 411 283
line 15 413 275 412 283
line 15 413 275 412 283
line 15 413 275 413 283
line 15 414 275 413 283
line 15 414 275 413 283
line 15 415 275 414 283
line 15 415 275 414 283
line 15 416 275 415 283
line 15 416 275 415 283
line 15 416 275 415 283
line 15 417 275 416 283
line 15 417 275 416 283
line 15 418 275 416 283
line 15 418 275 417 283
line 15 418 275 417 283
line 15 419 275 418 283
line 15 419 275 418 283
line 15 419 278 418 283
line 15 419 280 419 283
line 15 419 283 419 283
line 15 409 283 409 283
line 15 409 283 409 283
line 15 410 283 409 283
line 15 410 283 409 284
line 15 410 283 409 284
line 15 411 283 409 284
line 15 411 283 409 285
line 15 411 283 409 285
line 15 412 283 409 285
line 15 412 283 409 286
line 15 413 283 409 286
line 15 413 283 409 286
line 15 413 283 409 287
line 15 414 283 409 287
line 15 414 283 409 287
line 15 415 283 409 288
line 15 415 283 409 288
line 15 415 283 409 288
line 15 416 283 409 289
line 15 416 283 409 289
line 15 416 283 409 289
line 15 417 283 409 290
line 15 417 283 409 290
line 15 418 283 409 290
line 15 418 283 409 291
line 15 418 283 410 291
line 15 419 283 412 291
line 15 419 283 414 291
line 15 419 286 416 291
line 15 419 289 418 291
line 15 410 291 409 291
line 15 412 291 409 293
line 15 414 291 409 294
line 15 416 291 409 296
line 15 418 291 409 297
line 15 419 297 409 298
line 15 412 314 419 307
line 15 417 322 419 320
line 15 412 322 419 316
line 15 409 318 412 314
line 15 419 324 417 322
line 15 419 328 417 330
line 15 409 325 412 322
line 15 417 330 409 334
line 15 419 335 409 338
line 15 419 212 430 212
line 15 419 206 430 206
line 15 430 212 419 212
line 15 430 219 426 220
line 15 426 220 419 222
line 15 419 259 419 259
line 15 419 257 423 259
line 15 419 255 426 259
line 15 419 252 429 259
line 15 419 267 419 267
line 15 419 266 421 267
line 15 419 265 422 267
line 15 419 265 424 267
line 15 419 264 425 267
line 15 419 263 427 267
line 15 419 263 428 267
line 15 419 262 430 267
line 15 419 261 430 266
line 15 419 261 430 265
line 15 419 260 430 264
line 15 419 259 430 263
line 15 423 259 430 262
line 15 426 259 430 260
line 15 429 259 430 259
line 15 419 267 419 267
line 15 421 267 419 268
line 15 422 267 419 269
line 15 424 267 419 270
line 15 425 267 419 271
line 15 427 267 430 275
line 15 429 275 419 272
line 15 428 267 430 271
line 15 426 275 419 273
line 15 430 267 430 267
line 15 422 275 419 274
line 15 430 275 429 275
line 15 430 277 426 275
line 15 430 278 422 275
line 15 430 280 419 275
line 15 430 281 419 278
line 15 429 283 419 280
line 15 420 283 419 283
line 15 430 283 429 283
line 15 430 287 420 283
line 15 430 291 419 286
line 15 423 291 419 289
line 15 426 299 423 291
line 15 420 299 419 297
line 15 427 306 430 301
line 15 423 306 426 299
line 15 420 306 420 299
line 15 429 314 430 313
line 15 425 314 427 306
line 15 420 314 423 306
line 15 419 307 420 306
line 15 430 315 429 314
line 15 430 318 422 322
line 15 419 320 425 314
line 15 430 322 429 322
line 15 419 316 420 314
line 15 422 322 419 324
line 15 429 322 419 328
line 15 430 327 426 330
line 15 426 330 419 335
line 15 430 212 435 212
line 15 430 206 440 206
line 15 435 212 430 212
line 15 440 218 430 219
line 15 430 266 431 267
line 15 430 265 433 267
line 15 430 264 434 267
line 15 430 263 435 267
line 15 430 262 437 267
line 15 430 260 438 267
line 15 430 259 440 267
line 15 430 275 430 275
line 15 430 271 431 275
line 15 430 267 433 275
line 15 431 267 435 275
line 15 433 267 436 275
line 15 434 267 438 275
line 15 435 267 440 275
line 15 437 267 440 273
line 15 438 267 440 270
line 15 440 267 440 267
line 15 430 275 430 275
line 15 431 275 430 277
line 15 433 275 430 278
line 15 435 275 430 280
line 15 436 275 440 282
line 15 437 283 430 281
line 15 438 275 440 279
line 15 440 275 440 276
line 15 439 291 437 283
line 15 436 291 430 283
line 15 433 291 430 287
line 15 430 291 430 291
line 15 440 292 439 291
line 15 440 298 436 291
line 15 436 299 433 291
line 15 431 299 430 291
line 15 440 302 436 299
line 15 440 306 440 306
line 15 430 301 431 299
line 15 430 313 430 314
line 15 440 306 434 314
line 15 440 310 437 314
line 15 430 314 430 315
line 15 434 314 430 318
line 15 437 314 430 322
line 15 440 316 437 322
line 15 437 322 430 327
line 15 440 206 451 206
line 15 451 218 440 218
line 15 440 273 442 275
line 15 440 270 446 275
line 15 440 267 449 275
line 15 440 282 441 283
line 15 440 279 443 283
line 15 440 276 445 283
line 15 442 275 446 283
line 15 446 275 448 283
line 15 449 275 450 283
line 15 441 283 441 291
line 15 443 283 443 291
line 15 445 283 444 291
line 15 446 283 446 291
line 15 448 283 448 291
line 15 450 283 450 291
line 15 441 291 440 292
line 15 443 291 440 298
line 15 444 291 443 299
line 15 446 291 445 299
line 15 448 291 447 299
line 15 450 291 450 299
line 15 443 299 440 302
line 15 445 299 440 306
line 15 447 299 444 306
line 15 450 299 449 306
line 15 444 306 440 310
line 15 449 306 442 314
line 15 442 314 440 316
line 15 451 206 461 207
line 15 461 218 451 218
line 15 461 207 472 208
line 15 471 220 461 218
line 15 472 220 471 220
line 15 472 208 481 212
line 15 481 212 482 213
line 15 482 223 472 220
line 15 482 213 493 215
line 15 493 225 482 223
line 15 493 215 503 219
line 15 499 228 493 225
line 15 503 230 499 228
line 15 503 219 504 220
line 15 504 220 514 224
line 15 514 232 503 230
line 15 514 224 519 228
line 15 519 228 524 232
line 15 518 236 514 232
line 15 524 239 518 236
line 15 524 232 530 236
line 15 530 236 535 240
line 15 531 243 524 239
line 15 535 246 531 243
line 15 535 240 539 243
line 15 539 243 545 248
line 15 542 251 535 246
line 15 545 254 542 251
line 15 545 248 548 251
line 15 548 251 556 258
line 15 554 259 545 254
line 15 556 261 554 259
line 15 556 258 557 259
line 15 557 259 556 261
