notice "Bohachevsky function, nasty start" 
set g [gstate]
scale 50.000 50.000
translate 1.000 1.000
set h [gstate]
clear
gstate $g
check_session
translate 0 90
scale 0.03
text 15 0 0 {META RECORDED DIRECTIONAL }
text 15 0 -100 TARGET=-1
text 15 0 -200 BEST=0.9289
text 15 0 -300 GENERATION=0
text 15 0 -500 PARENTS=-9266128936674546510708803659540666989570440318463045266854634092789923316019634195319186364987354661410697604753167801167177259691798259274535313963828899395054512892298208739898816592182784001477532694415068917387837429455519744.00
gstate $h
dot 15 0.6309 0.5063 0.6531 0.5080 0.5908 0.5119 0.5617 0.5012 0.5687 0.5098 0.5969 0.5224 0.6593 0.5176 0.5733 0.5176 0.5636 0.5147 0.6730 0.5163 0.6313 0.5280 0.5465 0.5149 0.6823 0.5166 0.6734 0.5258 0.5572 0.5261 0.5621 0.5277 0.6915 0.5175 0.5200 0.5134 0.5255 0.5188 0.5004 0.5029 
dot 15 0.5521 0.5317 0.6124 0.5435 0.6302 0.5434 0.5004 0.5122 0.5804 0.5441 0.7302 0.5014 0.6036 0.5494 0.6066 0.5525 0.5011 0.5250 0.7261 0.5231 0.5464 0.5471 0.7015 0.5396 0.6387 0.5580 0.6717 0.5523 0.5104 0.5379 0.7090 0.5400 0.6720 0.5563 0.6282 0.5648 0.7391 0.5245 0.5884 0.5640 
dot 15 0.5473 0.5561 0.5661 0.5631 0.7472 0.5216 0.5235 0.5525 0.7348 0.5369 0.7069 0.5548 0.5687 0.5686 0.5949 0.5725 0.6410 0.5731 0.5979 0.5735 0.5170 0.5565 0.5229 0.5585 0.6423 0.5739 0.5611 0.5690 0.5887 0.5734 0.6345 0.5749 0.5296 0.5615 0.7012 0.5598 0.7716 0.5078 0.7251 0.5498 
dot 15 0.6496 0.5752 0.6264 0.5771 0.6490 0.5757 0.7505 0.5340 0.7131 0.5581 0.7716 0.5154 0.7153 0.5590 0.5441 0.5711 0.6412 0.5798 0.7566 0.5338 
clear
gstate $g
check_session
translate 0 90
scale 0.03
text 15 0 0 {META RECORDED DIRECTIONAL }
text 15 0 -100 TARGET=-1
text 15 0 -200 BEST=0.8833
text 15 0 -300 GENERATION=1
text 15 0 -500 PARENTS=-9266128936674546510708803659540666989570440318463045266854634092789923316019634195319186364987354661410697604753167801167177259691798259274535313963828899395054512892298208739898816592182784001477532694415068917387837429455519744.00
gstate $h
dot 15 0.6222 0.4726 0.6154 0.4737 0.6270 0.4776 0.6111 0.4792 0.6191 0.4818 0.6077 0.4824 0.6114 0.4551 0.6417 0.4678 0.6182 0.4847 0.6296 0.4551 0.5967 0.4814 0.5955 0.4811 0.5882 0.4566 0.6378 0.4894 0.5861 0.4819 0.5868 0.4550 0.6366 0.4911 0.6570 0.4698 0.5744 0.4705 0.5855 0.4875 
dot 15 0.5906 0.4463 0.6297 0.4977 0.6558 0.4511 0.6315 0.4984 0.6271 0.5002 0.6428 0.4967 0.5704 0.4829 0.6481 0.4962 0.6007 0.5008 0.6034 0.5017 0.6061 0.5022 0.5621 0.4755 0.5615 0.4583 0.6622 0.4927 0.6309 0.5063 0.5947 0.5044 0.6298 0.5075 0.5804 0.5014 0.5544 0.4823 0.5669 0.4429 
dot 15 0.6520 0.4335 0.5493 0.4733 0.5619 0.4927 0.6803 0.4830 0.5465 0.4637 0.5432 0.4642 0.6531 0.5080 0.5440 0.4791 0.5437 0.4827 0.5908 0.5119 0.5432 0.4824 0.6608 0.5067 0.5649 0.5028 0.5617 0.5012 0.6870 0.4842 0.5852 0.4243 0.5343 0.4743 0.6836 0.4946 0.5850 0.5143 0.5687 0.5098 
dot 15 0.6588 0.5139 0.6425 0.5187 0.6698 0.5091 0.5832 0.5173 0.6647 0.5128 0.6488 0.5189 0.5269 0.4581 0.5628 0.5115 0.6787 0.5065 0.5237 0.4645 
clear
gstate $g
check_session
translate 0 90
scale 0.03
text 15 0 0 {META RECORDED DIRECTIONAL }
text 15 0 -100 TARGET=-1
text 15 0 -200 BEST=0.6426
text 15 0 -300 GENERATION=2
text 15 0 -500 PARENTS=-9266128936674546510708803659540666989570440318463045266854634092789923316019634195319186364987354661410697604753167801167177259691798259274535313963828899395054512892298208739898816592182784001477532694415068917387837429455519744.00
gstate $h
dot 15 0.2733 -0.0210 0.0762 0.5543 0.6219 0.4673 0.6139 0.4702 0.6153 0.4723 0.6222 0.4726 0.6154 0.4737 0.6267 0.4662 0.6188 0.4760 0.6094 0.4744 0.6052 0.4709 0.6270 0.4776 0.6111 0.4792 0.6072 0.4609 0.6191 0.4818 0.6209 0.4833 0.6097 0.4565 0.6077 0.4824 0.6114 0.4551 0.6395 0.4631 
dot 15 0.6417 0.4678 0.6182 0.4847 0.6093 0.4550 0.6296 0.4551 0.6365 0.4566 0.6256 0.4867 0.6334 0.4541 0.5967 0.4814 0.5955 0.4811 0.6496 0.4721 0.6086 0.4496 0.6268 0.4896 0.5910 0.4823 0.6351 0.4497 0.5882 0.4566 0.6485 0.4566 0.6378 0.4894 0.5861 0.4819 0.5868 0.4550 0.6366 0.4911 
dot 15 0.5851 0.4555 0.6570 0.4698 0.5926 0.4493 0.5846 0.4842 0.6509 0.4522 0.6514 0.4524 0.5744 0.4705 0.5855 0.4875 0.6041 0.4413 0.6058 0.4406 0.5858 0.4905 0.6381 0.4964 0.6439 0.4966 0.6055 0.4373 0.6040 0.4367 0.6284 0.4357 0.5688 0.4547 0.6463 0.4384 0.6678 0.4838 0.5671 0.4503 
dot 15 0.6658 0.4891 0.6342 0.4326 0.6711 0.4550 0.5611 0.4877 0.6448 0.4320 0.6445 0.4314 0.6060 0.4264 0.6313 0.4251 0.6417 0.4266 0.6477 0.4281 
clear
gstate $g
check_session
translate 0 90
scale 0.03
text 15 0 0 {META RECORDED DIRECTIONAL }
text 15 0 -100 TARGET=-1
text 15 0 -200 BEST=0.3158
text 15 0 -300 GENERATION=3
text 15 0 -500 PARENTS=-9266128936674546510708803659540666989570440318463045266854634092789923316019634195319186364987354661410697604753167801167177259691798259274535313963828899395054512892298208739898816592182784001477532694415068917387837429455519744.00
gstate $h
dot 15 -0.0617 0.0934 0.2733 -0.0210 0.0762 0.5543 0.6143 0.4704 0.6219 0.4673 0.6139 0.4702 0.6153 0.4723 0.6222 0.4726 0.6154 0.4737 0.6114 0.4659 0.6267 0.4662 0.6188 0.4760 0.6241 0.4751 0.6275 0.4730 0.6130 0.4754 0.6255 0.4641 0.6094 0.4744 0.6277 0.4644 0.6052 0.4709 0.6089 0.4756 
dot 15 0.6050 0.4708 0.6120 0.4775 0.6167 0.4600 0.6159 0.4790 0.6270 0.4776 0.6075 0.4764 0.6020 0.4684 0.6111 0.4792 0.6072 0.4609 0.6002 0.4686 0.6188 0.4816 0.6125 0.4810 0.6145 0.4813 0.6330 0.4616 0.6191 0.4818 0.6192 0.4818 0.5983 0.4657 0.6206 0.4830 0.6209 0.4833 0.6097 0.4565 
dot 15 0.6265 0.4559 0.5980 0.4634 0.5969 0.4651 0.6087 0.4561 0.6077 0.4824 0.6114 0.4551 0.6395 0.4631 0.6223 0.4843 0.6335 0.4575 0.5959 0.4638 0.5948 0.4658 0.6410 0.4758 0.5974 0.4780 0.6231 0.4851 0.5953 0.4627 0.6235 0.4853 0.6327 0.4555 0.5924 0.4675 0.6243 0.4860 0.6248 0.4864 
dot 15 0.6188 0.4516 0.6402 0.4587 0.6252 0.4867 0.6257 0.4871 0.6283 0.4514 0.6444 0.4606 0.5937 0.4574 0.5869 0.4712 0.6438 0.4562 0.6394 0.4531 
clear
gstate $g
check_session
translate 0 90
scale 0.03
text 15 0 0 {META RECORDED DIRECTIONAL }
text 15 0 -100 TARGET=-1
text 15 0 -200 BEST=0.1568
text 15 0 -300 GENERATION=4
text 15 0 -500 PARENTS=-9266128936674546510708803659540666989570440318463045266854634092789923316019634195319186364987354661410697604753167801167177259691798259274535313963828899395054512892298208739898816592182784001477532694415068917387837429455519744.00
gstate $h
dot 15 0.0913 0.0366 0.0250 0.0878 -0.0617 0.0934 0.0180 -0.1279 0.2733 -0.0210 0.0762 0.5543 0.6173 0.4698 0.6203 0.4687 0.6165 0.4691 0.6157 0.4689 0.6174 0.4673 0.6157 0.4711 0.6143 0.4704 0.6219 0.4673 0.6139 0.4702 0.6204 0.4665 0.6153 0.4723 0.6222 0.4726 0.6147 0.4725 0.6223 0.4730 
dot 15 0.6214 0.4736 0.6162 0.4738 0.6154 0.4737 0.6148 0.4654 0.6170 0.4744 0.6110 0.4683 0.6125 0.4660 0.6132 0.4654 0.6194 0.4749 0.6116 0.4664 0.6100 0.4679 0.6264 0.4723 0.6114 0.4659 0.6242 0.4742 0.6175 0.4753 0.6221 0.4641 0.6125 0.4648 0.6267 0.4662 0.6093 0.4716 0.6131 0.4748 
dot 15 0.6235 0.4751 0.6188 0.4760 0.6103 0.4733 0.6241 0.4751 0.6275 0.4730 0.6206 0.4762 0.6251 0.4749 0.6088 0.4724 0.6130 0.4754 0.6255 0.4641 0.6278 0.4733 0.6117 0.4635 0.6106 0.4750 0.6094 0.4744 0.6277 0.4644 0.6249 0.4628 0.6262 0.4633 0.6292 0.4735 0.6089 0.4745 0.6127 0.4623 
dot 15 0.6273 0.4755 0.6301 0.4736 0.6274 0.4631 0.6052 0.4709 0.6089 0.4756 0.6098 0.4762 0.6273 0.4627 0.6273 0.4626 0.6039 0.4696 0.6158 0.4787 
clear
gstate $g
check_session
translate 0 90
scale 0.03
text 15 0 0 {META RECORDED DIRECTIONAL }
text 15 0 -100 TARGET=-1
text 15 0 -200 BEST=0.006161
text 15 0 -300 GENERATION=5
text 15 0 -500 PARENTS=-9266128936674546510708803659540666989570440318463045266854634092789923316019634195319186364987354661410697604753167801167177259691798259274535313963828899395054512892298208739898816592182784001477532694415068917387837429455519744.00
gstate $h
dot 15 0.0060 0.0130 0.0553 -0.0309 0.0841 0.0230 0.0823 0.0411 0.0913 0.0366 0.0250 0.0878 0.1233 -0.0405 -0.0357 0.0873 -0.0617 0.0934 0.0180 -0.1279 -0.0219 -0.4586 -0.0293 0.1428 0.2486 0.0022 0.2284 0.0494 -0.0845 0.1409 0.2733 -0.0210 0.0229 0.3735 0.2738 -0.0677 0.0762 0.5543 -0.0140 -0.5685 
dot 15 -0.2224 0.1026 0.0113 -0.3170 0.6173 0.4698 0.6174 0.4688 0.6184 0.4683 0.6203 0.4687 0.6165 0.4691 0.6172 0.4684 0.6163 0.4692 0.6181 0.4680 0.6204 0.4685 0.6160 0.4697 0.6193 0.4711 0.6166 0.4683 0.6160 0.4688 0.6210 0.4684 0.6157 0.4689 0.6163 0.4709 0.6191 0.4674 0.6196 0.4717 
dot 15 0.6153 0.4686 0.6174 0.4673 0.6157 0.4711 0.6175 0.4720 0.6143 0.4704 0.6195 0.4724 0.6219 0.4673 0.6209 0.4668 0.6201 0.4725 0.6139 0.4702 0.6211 0.4723 0.6204 0.4665 0.6152 0.4720 0.6205 0.4726 0.6141 0.4711 0.6223 0.4721 0.6153 0.4723 0.6133 0.4685 0.6186 0.4733 0.6222 0.4726 
dot 15 0.6146 0.4724 0.6147 0.4725 0.6129 0.4680 0.6138 0.4670 0.6234 0.4668 0.6223 0.4730 0.6137 0.4727 0.6120 0.4710 0.6137 0.4660 0.6177 0.4648 
clear
gstate $g
check_session
translate 0 90
scale 0.03
text 15 0 0 {META RECORDED DIRECTIONAL }
text 15 0 -100 TARGET=-1
text 15 0 -200 BEST=0.006161
text 15 0 -300 GENERATION=6
text 15 0 -500 PARENTS=-9266128936674546510708803659540666989570440318463045266854634092789923316019634195319186364987354661410697604753167801167177259691798259274535313963828899395054512892298208739898816592182784001477532694415068917387837429455519744.00
gstate $h
dot 15 0.0060 0.0130 0.0504 0.0047 0.0666 -0.0048 0.0675 -0.0163 0.0553 -0.0309 0.0615 -0.0308 0.0502 -0.0400 0.0812 0.0141 0.0835 0.0121 0.0841 0.0230 0.0433 -0.0533 0.0781 -0.0377 0.0823 0.0411 0.0913 0.0366 0.0348 -0.0682 0.0267 0.0725 0.0332 -0.0716 0.0250 0.0878 0.0163 0.0896 0.1233 -0.0405 
dot 15 -0.0357 0.0873 -0.0617 0.0934 0.0151 -0.1058 0.0123 -0.1093 0.1624 -0.0382 0.0115 -0.1148 -0.0668 0.1043 -0.0217 0.1177 0.1789 -0.0358 0.1581 0.0618 0.0180 -0.1279 0.5754 -0.0291 0.2026 0.0270 -0.0211 -0.4701 -0.0219 -0.4586 0.0096 0.4449 -0.0167 -0.1350 -0.0369 -0.4383 0.1922 -0.0589 -0.0653 0.1318 
dot 15 -0.0293 0.1428 0.5123 -0.0213 0.0027 0.5241 0.7224 -0.0128 0.2486 0.0022 0.2484 -0.0209 -0.1592 0.0983 0.2284 0.0494 -0.0845 0.1409 0.4582 0.0082 0.5035 -0.0547 0.2733 -0.0210 -0.1383 0.1201 -0.1140 0.1351 0.2602 -0.0426 -0.1577 0.1131 0.2887 0.0159 0.1913 0.0932 0.2723 0.0366 -0.2948 0.0159 
dot 15 0.0229 0.3735 0.1369 0.4755 0.3468 -0.0041 -0.3784 -0.0194 0.2240 -0.0904 -0.4092 0.0436 0.4744 0.0722 -0.7388 0.0695 -0.4282 0.0561 0.2738 -0.0677 
clear
gstate $g
check_session
translate 0 90
scale 0.03
text 15 0 0 {META RECORDED DIRECTIONAL }
text 15 0 -100 TARGET=-1
text 15 0 -200 BEST=0.004943
text 15 0 -300 GENERATION=7
text 15 0 -500 PARENTS=-9266128936674546510708803659540666989570440318463045266854634092789923316019634195319186364987354661410697604753167801167177259691798259274535313963828899395054512892298208739898816592182784001477532694415068917387837429455519744.00
gstate $h
dot 15 0.0172 -0.0046 0.0060 0.0130 0.0188 0.0067 0.0032 -0.0209 0.0339 0.0105 0.0093 0.0255 -0.0475 0.0117 0.0504 0.0047 0.0353 0.0269 0.0025 -0.0384 0.0619 0.0131 0.0645 -0.0065 0.0610 -0.0149 0.0541 -0.0238 0.0485 -0.0286 0.0612 -0.0155 0.0627 -0.0135 0.0666 -0.0048 -0.0199 -0.0421 0.0681 0.0030 
dot 15 0.0683 0.0027 0.0685 -0.0009 0.0568 -0.0258 0.0691 0.0097 0.0675 -0.0163 0.0553 -0.0309 0.0519 0.0340 0.0422 -0.0399 0.0615 -0.0308 0.0493 -0.0394 0.0216 0.0499 0.0486 -0.0408 0.0502 -0.0400 0.0812 0.0141 0.0835 0.0121 0.0789 0.0251 0.0439 -0.0497 0.0805 -0.0246 0.0471 -0.0501 0.0841 0.0230 
dot 15 0.0379 -0.0542 0.0524 0.0494 0.0433 -0.0533 0.0436 -0.0533 0.0428 -0.0546 0.0579 0.0493 0.0421 0.0565 0.0781 -0.0377 0.0322 -0.0606 0.0425 -0.0597 -0.0164 -0.0657 -0.0610 -0.0525 0.0857 0.0360 0.0374 -0.0632 -0.0879 0.0359 0.0823 0.0411 0.0357 -0.0639 0.0447 -0.0615 -0.0015 0.0697 0.0913 0.0366 
dot 15 0.0419 0.0661 0.0348 -0.0682 0.0979 0.0358 0.0545 0.0643 0.0267 0.0725 -0.1160 0.0030 0.0332 -0.0716 0.0336 -0.0721 0.1052 -0.0331 0.0334 -0.0736 
clear
gstate $g
check_session
translate 0 90
scale 0.03
text 15 0 0 {META RECORDED DIRECTIONAL }
text 15 0 -100 TARGET=-1
text 15 0 -200 BEST=0.003105
text 15 0 -300 GENERATION=8
text 15 0 -500 PARENTS=-9266128936674546510708803659540666989570440318463045266854634092789923316019634195319186364987354661410697604753167801167177259691798259274535313963828899395054512892298208739898816592182784001477532694415068917387837429455519744.00
gstate $h
dot 15 -0.0120 -0.0056 0.0069 -0.0090 0.0172 -0.0046 0.0060 0.0130 0.0188 0.0067 -0.0068 -0.0142 -0.0240 0.0034 0.0243 -0.0034 0.0266 0.0002 -0.0021 -0.0187 0.0291 0.0035 -0.0282 -0.0097 0.0032 -0.0209 -0.0317 0.0035 -0.0330 0.0010 -0.0300 0.0090 0.0301 -0.0104 0.0348 -0.0027 0.0368 -0.0015 -0.0345 0.0085 
dot 15 0.0339 0.0105 0.0370 -0.0046 -0.0277 0.0173 0.0048 -0.0250 0.0093 0.0255 0.0196 -0.0234 0.0372 -0.0120 -0.0267 -0.0214 0.0306 -0.0214 -0.0433 -0.0098 0.0465 0.0067 0.0037 0.0312 0.0460 0.0097 -0.0352 0.0218 0.0459 -0.0117 0.0265 -0.0271 0.0390 -0.0197 0.0461 -0.0122 -0.0475 0.0117 0.0504 0.0047 
dot 15 0.0515 0.0043 0.0353 0.0269 0.0550 0.0059 0.0512 0.0164 0.0508 -0.0181 -0.0383 -0.0283 0.0557 -0.0122 0.0565 0.0107 0.0025 -0.0384 0.0599 0.0028 0.0464 -0.0246 0.0608 -0.0034 0.0577 -0.0128 0.0085 -0.0394 0.0414 -0.0290 0.0080 -0.0395 -0.0369 -0.0319 0.0585 -0.0124 0.0601 -0.0090 -0.0465 -0.0264 
dot 15 0.0627 0.0002 0.0607 -0.0104 0.0614 -0.0089 0.0594 -0.0134 0.0497 -0.0251 0.0588 -0.0159 0.0589 -0.0159 0.0629 -0.0073 0.0632 -0.0068 0.0609 0.0128 
clear
gstate $g
check_session
translate 0 90
scale 0.03
text 15 0 0 {META RECORDED DIRECTIONAL }
text 15 0 -100 TARGET=-1
text 15 0 -200 BEST=1.92E-05
text 15 0 -300 GENERATION=9
text 15 0 -500 PARENTS=-9266128936674546510708803659540666989570440318463045266854634092789923316019634195319186364987354661410697604753167801167177259691798259274535313963828899395054512892298208739898816592182784001477532694415068917387837429455519744.00
gstate $h
dot 15 0.0004 -0.0007 0.0052 -0.0022 0.0062 -0.0028 -0.0025 -0.0057 0.0000 -0.0064 -0.0005 -0.0070 0.0003 0.0083 0.0049 0.0084 0.0041 -0.0087 -0.0120 -0.0056 0.0069 -0.0090 0.0042 0.0112 0.0172 -0.0046 -0.0083 0.0114 -0.0072 -0.0120 0.0193 -0.0035 -0.0179 -0.0062 0.0060 0.0130 0.0188 0.0067 0.0210 -0.0038 
dot 15 -0.0104 -0.0126 -0.0010 -0.0148 0.0219 -0.0039 -0.0068 -0.0142 -0.0165 -0.0107 -0.0128 -0.0131 -0.0208 -0.0077 0.0235 -0.0042 -0.0240 0.0034 0.0243 -0.0034 -0.0213 -0.0086 0.0123 0.0143 0.0165 -0.0127 0.0266 0.0002 0.0149 0.0145 -0.0201 -0.0118 0.0262 -0.0045 0.0060 -0.0174 -0.0177 -0.0136 0.0248 -0.0078 
dot 15 -0.0021 -0.0187 0.0286 -0.0027 0.0291 0.0035 0.0280 -0.0076 0.0311 -0.0022 -0.0255 -0.0120 0.0315 -0.0018 -0.0282 -0.0097 0.0032 -0.0209 -0.0317 0.0035 0.0329 0.0012 -0.0330 0.0010 -0.0300 0.0090 0.0301 -0.0104 0.0339 -0.0026 0.0341 -0.0021 0.0348 -0.0027 0.0352 0.0064 0.0368 -0.0015 -0.0345 0.0085 
dot 15 0.0373 -0.0035 0.0371 -0.0070 -0.0323 -0.0141 0.0392 -0.0024 0.0394 -0.0014 -0.0289 -0.0176 0.0395 -0.0035 0.0276 0.0194 -0.0406 -0.0031 -0.0082 -0.0273 
clear
gstate $g
check_session
translate 0 90
scale 0.03
text 15 0 0 {META RECORDED DIRECTIONAL }
text 15 0 -100 TARGET=-1
text 15 0 -200 BEST=1.92E-05
text 15 0 -300 GENERATION=10
text 15 0 -500 PARENTS=-9266128936674546510708803659540666989570440318463045266854634092789923316019634195319186364987354661410697604753167801167177259691798259274535313963828899395054512892298208739898816592182784001477532694415068917387837429455519744.00
gstate $h
dot 15 0.0004 -0.0007 0.0024 0.0002 -0.0005 -0.0025 -0.0052 0.0007 0.0052 -0.0022 0.0067 -0.0005 0.0062 0.0027 0.0062 -0.0028 0.0072 -0.0015 -0.0060 -0.0031 0.0047 0.0045 0.0040 0.0050 -0.0025 -0.0057 -0.0076 -0.0034 -0.0027 -0.0058 0.0093 -0.0015 -0.0041 -0.0056 0.0030 -0.0059 0.0000 -0.0064 0.0099 0.0005 
dot 15 0.0089 -0.0034 -0.0002 0.0067 -0.0005 -0.0070 0.0064 -0.0057 -0.0019 0.0072 0.0109 -0.0029 -0.0019 -0.0079 0.0116 0.0029 0.0003 0.0083 0.0117 -0.0040 -0.0061 -0.0077 0.0049 0.0084 0.0016 -0.0090 0.0041 -0.0087 -0.0120 -0.0056 -0.0134 -0.0045 -0.0074 -0.0087 0.0069 -0.0090 0.0152 -0.0019 -0.0153 -0.0021 
dot 15 0.0132 -0.0064 0.0164 0.0015 0.0170 -0.0005 0.0173 -0.0006 0.0042 0.0112 0.0178 -0.0009 0.0172 -0.0046 0.0031 -0.0124 -0.0083 0.0114 -0.0072 -0.0120 -0.0008 0.0130 0.0193 -0.0035 -0.0179 -0.0062 -0.0042 -0.0131 0.0199 -0.0035 0.0060 0.0130 0.0181 -0.0068 0.0209 0.0005 0.0188 0.0067 0.0210 -0.0038 
dot 15 -0.0045 0.0141 0.0221 -0.0003 -0.0146 -0.0127 0.0196 0.0096 -0.0229 0.0066 0.0256 0.0028 -0.0166 -0.0138 0.0124 -0.0157 0.0262 0.0044 -0.0167 -0.0141 
clear
gstate $g
check_session
translate 0 90
scale 0.03
text 15 0 0 {META RECORDED DIRECTIONAL }
text 15 0 -100 TARGET=-1
text 15 0 -200 BEST=3.766E-06
text 15 0 -300 GENERATION=11
text 15 0 -500 PARENTS=-9266128936674546510708803659540666989570440318463045266854634092789923316019634195319186364987354661410697604753167801167177259691798259274535313963828899395054512892298208739898816592182784001477532694415068917387837429455519744.00
gstate $h
dot 15 -0.0005 -0.0000 0.0004 -0.0007 -0.0014 0.0003 0.0015 -0.0012 0.0024 0.0002 0.0025 0.0009 0.0021 0.0015 0.0034 0.0002 -0.0035 0.0007 -0.0033 0.0012 -0.0005 -0.0025 0.0018 0.0023 0.0023 0.0026 0.0020 -0.0030 0.0018 -0.0032 0.0036 -0.0024 -0.0052 0.0007 0.0054 -0.0010 0.0018 -0.0036 0.0038 -0.0031 
dot 15 0.0052 -0.0022 0.0063 -0.0002 0.0055 -0.0022 0.0061 -0.0013 -0.0059 -0.0020 0.0067 -0.0005 0.0002 -0.0044 0.0065 -0.0020 0.0062 0.0027 -0.0075 0.0000 0.0062 -0.0028 0.0072 -0.0015 -0.0060 -0.0031 -0.0076 0.0008 -0.0072 -0.0019 -0.0065 0.0029 -0.0050 -0.0040 0.0057 0.0037 0.0005 -0.0053 -0.0049 0.0044 
dot 15 0.0047 0.0045 0.0040 0.0050 0.0080 0.0022 0.0088 0.0006 -0.0083 0.0020 -0.0068 0.0039 -0.0025 -0.0057 -0.0076 -0.0034 -0.0027 -0.0058 -0.0027 -0.0058 -0.0028 -0.0059 -0.0028 -0.0059 -0.0028 -0.0059 -0.0094 0.0009 -0.0030 -0.0059 0.0093 -0.0015 -0.0041 -0.0056 -0.0030 -0.0059 0.0030 -0.0059 -0.0018 -0.0062 
dot 15 -0.0029 -0.0060 -0.0030 -0.0060 0.0000 -0.0064 -0.0098 0.0003 0.0088 -0.0030 0.0099 0.0005 -0.0038 -0.0060 -0.0034 -0.0062 0.0040 0.0061 -0.0099 0.0020 
clear
gstate $g
check_session
translate 0 90
scale 0.03
text 15 0 0 {META RECORDED DIRECTIONAL }
text 15 0 -100 TARGET=-1
text 15 0 -200 BEST=7.663E-07
text 15 0 -300 GENERATION=12
text 15 0 -500 PARENTS=-9266128936674546510708803659540666989570440318463045266854634092789923316019634195319186364987354661410697604753167801167177259691798259274535313963828899395054512892298208739898816592182784001477532694415068917387837429455519744.00
gstate $h
dot 15 -0.0000 -0.0001 -0.0005 -0.0000 0.0004 -0.0007 -0.0014 0.0003 -0.0015 0.0001 -0.0016 -0.0008 0.0001 0.0015 0.0012 0.0012 0.0015 -0.0012 -0.0015 -0.0012 0.0024 0.0002 0.0015 0.0015 -0.0023 0.0011 0.0025 0.0009 0.0021 0.0015 0.0031 0.0008 0.0034 0.0002 -0.0035 0.0007 -0.0033 0.0012 -0.0005 -0.0025 
dot 15 0.0036 -0.0012 0.0018 0.0023 0.0010 -0.0026 -0.0008 -0.0027 0.0032 -0.0019 0.0027 -0.0022 0.0031 -0.0020 0.0038 -0.0017 0.0038 -0.0017 0.0037 -0.0018 0.0023 0.0026 0.0037 -0.0018 0.0042 -0.0015 0.0007 0.0031 0.0025 0.0027 0.0015 0.0030 0.0048 -0.0009 0.0020 -0.0030 0.0018 -0.0032 0.0036 -0.0024 
dot 15 0.0049 0.0010 -0.0052 0.0007 -0.0016 -0.0033 0.0050 -0.0012 0.0055 0.0005 0.0054 -0.0010 0.0018 -0.0036 -0.0017 -0.0037 -0.0026 0.0034 -0.0010 -0.0038 0.0039 -0.0029 0.0038 -0.0031 0.0014 -0.0039 -0.0045 0.0028 -0.0047 0.0027 -0.0053 -0.0023 0.0052 0.0025 -0.0013 -0.0042 -0.0049 0.0031 -0.0048 0.0037 
dot 15 -0.0069 0.0018 0.0046 -0.0038 0.0026 0.0046 0.0011 0.0049 0.0056 -0.0034 0.0033 -0.0049 -0.0074 0.0024 0.0002 -0.0056 -0.0046 -0.0049 0.0027 0.0055 
clear
gstate $g
check_session
translate 0 90
scale 0.03
text 15 0 0 {META RECORDED DIRECTIONAL }
text 15 0 -100 TARGET=-1
text 15 0 -200 BEST=2.852E-07
text 15 0 -300 GENERATION=13
text 15 0 -500 PARENTS=-9266128936674546510708803659540666989570440318463045266854634092789923316019634195319186364987354661410697604753167801167177259691798259274535313963828899395054512892298208739898816592182784001477532694415068917387837429455519744.00
gstate $h
dot 15 -0.0000 0.0001 -0.0000 -0.0001 0.0003 0.0001 0.0004 -0.0002 -0.0005 -0.0000 0.0008 -0.0000 -0.0007 0.0001 -0.0008 0.0001 0.0000 0.0006 0.0005 0.0005 -0.0001 0.0007 0.0004 -0.0007 0.0000 0.0008 0.0002 -0.0008 -0.0014 0.0001 0.0011 0.0006 -0.0014 0.0003 -0.0015 0.0001 -0.0011 0.0008 -0.0018 -0.0001 
dot 15 0.0016 0.0006 -0.0013 0.0008 0.0013 0.0009 -0.0014 0.0009 -0.0016 -0.0008 -0.0002 0.0014 0.0001 0.0015 0.0012 0.0012 0.0015 -0.0012 -0.0015 -0.0012 0.0024 0.0002 0.0002 0.0016 -0.0008 -0.0016 0.0003 -0.0017 0.0015 0.0015 -0.0023 0.0011 0.0025 0.0009 0.0008 0.0018 0.0028 -0.0009 -0.0031 0.0002 
dot 15 0.0021 0.0015 -0.0007 -0.0020 0.0016 0.0018 -0.0007 -0.0020 0.0032 0.0003 0.0031 0.0008 0.0023 -0.0016 -0.0007 -0.0021 0.0034 0.0002 0.0035 -0.0000 0.0035 0.0002 -0.0035 0.0007 -0.0036 -0.0005 0.0029 0.0015 -0.0033 0.0012 -0.0005 -0.0025 0.0013 0.0023 -0.0018 -0.0022 0.0039 0.0005 -0.0022 0.0022 
dot 15 0.0030 0.0017 0.0022 0.0023 -0.0037 0.0013 -0.0011 0.0027 -0.0030 -0.0020 0.0041 0.0008 -0.0042 -0.0007 0.0042 0.0010 -0.0042 -0.0010 -0.0024 -0.0026 
clear
gstate $g
check_session
translate 0 90
scale 0.03
text 15 0 0 {META RECORDED DIRECTIONAL }
text 15 0 -100 TARGET=-1
text 15 0 -200 BEST=2.852E-07
text 15 0 -300 GENERATION=14
text 15 0 -500 PARENTS=-9266128936674546510708803659540666989570440318463045266854634092789923316019634195319186364987354661410697604753167801167177259691798259274535313963828899395054512892298208739898816592182784001477532694415068917387837429455519744.00
gstate $h
dot 15 -0.0000 0.0001 -0.0002 0.0000 -0.0000 0.0001 -0.0000 -0.0001 0.0000 0.0002 0.0003 0.0001 -0.0004 0.0001 -0.0000 0.0003 0.0004 -0.0002 -0.0005 -0.0000 -0.0005 -0.0000 -0.0004 -0.0002 0.0007 -0.0001 0.0008 -0.0000 -0.0000 -0.0005 -0.0007 0.0001 -0.0008 0.0001 -0.0008 -0.0003 -0.0006 -0.0005 0.0004 0.0006 
dot 15 -0.0009 0.0002 0.0008 -0.0003 0.0000 0.0006 -0.0009 0.0002 -0.0010 0.0000 0.0005 0.0005 0.0004 0.0006 0.0001 0.0007 -0.0010 -0.0002 -0.0005 0.0006 -0.0001 0.0007 0.0004 -0.0007 0.0007 0.0006 0.0007 0.0006 0.0000 0.0008 0.0002 -0.0008 -0.0011 0.0005 -0.0008 -0.0006 -0.0013 0.0000 -0.0013 0.0002 
dot 15 -0.0013 0.0001 -0.0009 -0.0006 -0.0013 -0.0003 0.0013 -0.0001 -0.0013 -0.0002 -0.0013 0.0003 0.0013 0.0004 -0.0014 0.0003 -0.0014 0.0001 0.0011 0.0006 -0.0014 0.0003 0.0005 -0.0009 -0.0015 0.0002 -0.0003 -0.0010 -0.0015 0.0002 0.0010 0.0008 -0.0015 0.0001 0.0001 -0.0010 -0.0015 -0.0004 -0.0011 0.0008 
dot 15 -0.0007 0.0010 -0.0017 0.0003 -0.0015 0.0005 -0.0018 -0.0001 -0.0017 0.0004 0.0007 0.0011 -0.0017 0.0004 -0.0017 0.0005 -0.0019 -0.0001 0.0002 0.0013 
clear
gstate $g
check_session
translate 0 90
scale 0.03
text 15 0 0 {META RECORDED DIRECTIONAL }
text 15 0 -100 TARGET=-1
text 15 0 -200 BEST=2.852E-07
text 15 0 -300 GENERATION=15
text 15 0 -500 PARENTS=-9266128936674546510708803659540666989570440318463045266854634092789923316019634195319186364987354661410697604753167801167177259691798259274535313963828899395054512892298208739898816592182784001477532694415068917387837429455519744.00
gstate $h
dot 15 -0.0000 0.0001 -0.0001 -0.0001 -0.0001 -0.0001 -0.0001 0.0001 -0.0002 0.0000 -0.0002 0.0000 -0.0001 0.0001 -0.0002 -0.0000 -0.0000 0.0001 0.0002 0.0000 0.0000 0.0001 -0.0002 0.0001 -0.0002 -0.0001 -0.0002 0.0001 0.0001 0.0001 -0.0000 -0.0001 0.0003 -0.0000 -0.0002 0.0001 0.0001 0.0002 0.0000 0.0002 
dot 15 0.0003 0.0001 -0.0003 -0.0001 -0.0002 0.0002 -0.0002 0.0002 -0.0003 -0.0002 -0.0002 0.0002 0.0001 -0.0002 -0.0002 0.0002 0.0004 -0.0001 -0.0004 0.0001 -0.0003 -0.0002 -0.0001 -0.0003 -0.0000 0.0003 -0.0003 -0.0002 0.0004 0.0001 -0.0004 0.0001 0.0002 0.0003 0.0005 0.0001 -0.0003 -0.0002 0.0004 -0.0002 
dot 15 -0.0005 -0.0000 -0.0004 -0.0002 0.0005 0.0001 -0.0005 -0.0000 -0.0005 -0.0001 -0.0003 -0.0003 -0.0004 -0.0002 -0.0002 0.0003 -0.0004 -0.0002 -0.0005 -0.0002 -0.0005 -0.0002 -0.0000 -0.0004 -0.0006 -0.0002 -0.0006 -0.0001 -0.0007 -0.0001 -0.0007 0.0001 0.0003 -0.0004 -0.0006 -0.0003 0.0007 -0.0001 0.0008 -0.0000 
dot 15 -0.0000 -0.0005 -0.0007 0.0001 0.0007 0.0001 -0.0006 -0.0003 0.0007 -0.0002 -0.0008 0.0001 -0.0009 -0.0001 -0.0008 -0.0003 0.0007 -0.0004 -0.0006 -0.0005 
gstate $g
check_session
