notice "Recorded Step in Gaussian Bowl"
set g [gstate]
scale 2.500 2.500
translate 20.000 20.000
set h [gstate]
clear
gstate $g
if {[check_session]} return
translate 0 90
scale 0.03
text 15 0 0 {META RECORDED DIRECTIONAL }
text 15 0 -100 TARGET=-1
text 15 0 -200 BEST=368
text 15 0 -300 GENERATION=0
text 15 0 -500 PARENTS=-9266128936674546510708803659540666989570440318463045266854634092789923316019634195319186364987354661410697604753167801167177259691798259274535313963828899395054512892298208739898816592182784001477532694415068917387837429455519744.00
gstate $h
dot 15 18.5040 5.0222 18.5212 5.0068 18.5340 5.0420 18.5375 5.0390 18.5660 5.0149 18.5176 5.0052 18.5564 5.0997 18.5873 5.0288 18.5860 5.0231 18.5712 5.0383 18.6057 5.0278 18.5541 5.0516 18.5543 5.0301 18.5802 5.0603 18.5655 5.0805 18.5903 5.0708 18.6254 5.0105 18.5329 5.0598 18.5521 5.0299 18.6204 5.0755 
dot 15 18.5954 5.0873 18.6243 5.0625 18.6352 5.0293 18.5832 5.0942 18.6236 5.0647 18.5711 5.0768 18.5914 5.0838 18.6373 5.0925 18.5529 5.0529 18.5113 5.0174 18.6227 5.0256 18.6578 5.0413 18.6423 5.0061 18.6270 5.0020 18.5472 5.0836 18.6071 5.0830 18.5130 5.0640 18.6571 5.0456 18.6587 5.0838 18.6769 5.0213 
dot 15 18.6887 5.0187 18.5639 5.0327 18.6749 5.0101 18.6250 5.0461 18.5503 5.0933 18.5230 5.0103 18.6861 5.0942 18.6130 5.0854 18.5281 5.0466 18.6052 5.0739 18.7171 5.0172 18.6196 5.0536 18.5610 5.0861 18.7139 5.0306 18.5379 5.0279 18.6520 5.0855 18.6769 5.0065 18.6972 5.0425 18.5789 5.0667 18.6941 5.0460 
dot 15 18.6753 5.0455 18.7345 5.0157 18.6657 5.0402 18.6582 5.0193 18.6979 5.0399 18.6171 5.0981 18.6684 5.0289 18.5343 5.0908 18.5287 5.0775 18.6224 5.0427 
clear
gstate $g
if {[check_session]} return
translate 0 90
scale 0.03
text 15 0 0 {META RECORDED DIRECTIONAL }
text 15 0 -100 TARGET=-1
text 15 0 -200 BEST=365.8
text 15 0 -300 GENERATION=1
text 15 0 -500 PARENTS=-9266128936674546510708803659540666989570440318463045266854634092789923316019634195319186364987354661410697604753167801167177259691798259274535313963828899395054512892298208739898816592182784001477532694415068917387837429455519744.00
gstate $h
dot 15 18.4503 4.9991 18.4852 4.9829 18.4892 4.9702 18.4683 5.0467 18.4778 5.0380 18.4963 4.9889 18.4805 5.0079 18.4904 5.0350 18.5023 4.9924 18.4984 5.0003 18.5227 4.9600 18.4969 5.0529 18.5040 5.0222 18.5301 4.9671 18.5159 5.0227 18.5016 5.0467 18.5212 5.0068 18.5263 4.9935 18.5218 5.0034 18.5159 5.0318 
dot 15 18.5192 5.0156 18.5414 4.9506 18.5262 5.0488 18.5404 5.0038 18.5165 5.0596 18.5111 5.0327 18.5284 5.0120 18.5213 5.0675 18.5340 5.0420 18.5061 4.9282 18.5333 5.0396 18.5369 5.0545 18.5307 5.0412 18.5334 5.0264 18.5464 5.0151 18.5421 4.9887 18.5419 5.0120 18.5403 5.0381 18.5004 5.0441 18.5375 5.0390 
dot 15 18.5523 5.0482 18.5239 5.0670 18.5121 5.0350 18.5479 5.0727 18.5511 5.0196 18.5619 5.0122 18.5323 5.0953 18.4945 5.0024 18.5705 4.9651 18.5434 5.0605 18.5063 5.0139 18.5540 5.0394 18.5641 5.0290 18.5187 5.0401 18.5492 4.9980 18.5722 5.0106 18.5313 5.0737 18.4992 5.0637 18.5524 5.0770 18.5660 5.0149 
dot 15 18.4985 5.0689 18.5436 5.1090 18.5695 5.0416 18.5756 5.0190 18.5547 5.0620 18.5582 5.0844 18.5176 5.0052 18.5120 5.0404 18.5191 5.0364 18.5633 5.0225 
clear
gstate $g
if {[check_session]} return
translate 0 90
scale 0.03
text 15 0 0 {META RECORDED DIRECTIONAL }
text 15 0 -100 TARGET=-1
text 15 0 -200 BEST=357.4
text 15 0 -300 GENERATION=2
text 15 0 -500 PARENTS=-9266128936674546510708803659540666989570440318463045266854634092789923316019634195319186364987354661410697604753167801167177259691798259274535313963828899395054512892298208739898816592182784001477532694415068917387837429455519744.00
gstate $h
dot 15 18.2441 4.9064 18.3096 4.9552 18.3477 4.8934 18.2824 5.1541 18.3458 4.9455 18.3719 4.8388 18.3368 5.0137 18.3508 4.9445 18.3473 4.9633 18.3764 4.9773 18.3843 4.9419 18.3951 4.9625 18.3710 5.0628 18.3549 5.1115 18.4211 4.9357 18.4370 4.8930 18.3932 5.0125 18.4377 4.9100 18.4152 4.9660 18.4349 4.9352 
dot 15 18.4313 4.9528 18.4198 4.9994 18.3879 5.1318 18.3973 5.0880 18.4208 5.0109 18.4762 4.8208 18.4449 4.9590 18.4380 4.9945 18.4556 4.9254 18.4071 5.1054 18.4624 4.9116 18.4229 5.0476 18.4136 5.0931 18.4242 5.0632 18.4098 5.0947 18.4396 4.9805 18.4286 5.0542 18.4693 4.9259 18.4600 4.9672 18.4596 4.9691 
dot 15 18.4653 4.9596 18.4232 5.0869 18.4287 5.0905 18.4123 5.1572 18.4685 4.9561 18.4651 4.9691 18.4516 5.0176 18.4314 5.0708 18.4499 4.9906 18.4539 4.9898 18.4503 4.9991 18.4545 4.9931 18.4723 4.9673 18.4422 5.0721 18.4389 5.0696 18.4397 5.0679 18.4463 5.0686 18.4458 5.0760 18.4647 4.9591 18.4761 4.9673 
dot 15 18.4468 5.0681 18.4547 5.0479 18.4725 4.9851 18.4454 5.0630 18.4475 5.0639 18.4950 4.9173 18.4547 5.0657 18.4492 5.0612 18.4811 4.9242 18.4511 5.0864 
clear
gstate $g
if {[check_session]} return
translate 0 90
scale 0.03
text 15 0 0 {META RECORDED DIRECTIONAL }
text 15 0 -100 TARGET=-1
text 15 0 -200 BEST=336.4
text 15 0 -300 GENERATION=3
text 15 0 -500 PARENTS=-9266128936674546510708803659540666989570440318463045266854634092789923316019634195319186364987354661410697604753167801167177259691798259274535313963828899395054512892298208739898816592182784001477532694415068917387837429455519744.00
gstate $h
dot 15 17.6285 5.0098 17.6343 5.4709 17.6982 5.4737 17.9289 4.6294 17.9122 4.8666 17.8885 5.0033 17.9321 4.9166 17.9152 5.0068 17.9662 4.8128 17.9087 5.0304 17.8418 5.3770 18.0047 4.7066 17.8541 5.3983 18.0896 4.6283 17.9716 5.0903 18.0093 4.9920 18.0744 4.7375 18.0746 4.7515 17.9306 5.3211 17.9362 5.3286 
dot 15 18.0813 4.7586 18.1205 4.5731 18.0685 4.9258 18.1838 4.5001 18.0943 4.9005 18.1271 4.8061 18.0734 4.9739 18.1323 4.8200 18.0797 5.0342 18.2412 4.4230 18.1390 4.8237 18.1151 4.8931 18.1006 4.9742 18.1201 4.9217 18.1831 4.6524 18.1315 4.8332 18.1573 4.8051 18.1703 4.8101 18.1697 4.8278 18.1372 4.9120 
dot 15 18.1662 4.8484 18.1043 5.1102 18.2328 4.5550 18.1089 5.0686 18.1969 4.8151 18.1852 4.8261 18.0720 5.2692 18.1267 5.0504 18.1694 4.9346 18.0933 5.2169 18.2128 4.7887 18.2131 4.8067 18.1578 4.9509 18.2015 4.8618 18.2104 4.8517 18.1999 4.8913 18.1873 4.9482 18.1453 5.1330 18.1649 5.0625 18.2647 4.7141 
dot 15 18.2663 4.7217 18.2780 4.6982 18.2663 4.7738 18.2622 4.7889 18.2743 4.7375 18.2572 4.8407 18.2438 4.8167 18.2624 4.8247 18.2435 4.8947 18.2545 4.8681 
clear
gstate $g
if {[check_session]} return
translate 0 90
scale 0.03
text 15 0 0 {META RECORDED DIRECTIONAL }
text 15 0 -100 TARGET=-1
text 15 0 -200 BEST=268.8
text 15 0 -300 GENERATION=4
text 15 0 -500 PARENTS=-9266128936674546510708803659540666989570440318463045266854634092789923316019634195319186364987354661410697604753167801167177259691798259274535313963828899395054512892298208739898816592182784001477532694415068917387837429455519744.00
gstate $h
dot 15 15.8647 3.9990 16.0289 4.6428 16.0975 4.5558 15.9890 5.0291 16.1115 4.9279 16.4802 3.7572 16.1928 5.1122 16.4129 5.0231 16.1010 6.1042 16.9816 2.9483 16.1216 6.0870 16.3572 5.9430 16.7272 5.0841 16.6890 5.2751 16.7917 4.7190 16.9298 4.5202 17.0350 4.0504 16.9447 4.5212 17.1389 3.8025 16.7155 5.3629 
dot 15 16.9903 4.4695 16.5874 5.7954 16.4616 6.2368 16.8826 5.2127 16.9724 5.0201 17.1873 4.3691 17.1767 4.6362 17.1915 4.6220 17.3169 4.0827 17.1026 4.7477 17.0805 5.1613 17.2720 4.3129 17.2387 4.1957 16.8517 5.9242 17.0674 5.2892 17.1852 5.0124 17.4468 4.0143 17.3834 4.1871 17.2831 4.4208 17.3187 4.2478 
dot 15 17.0051 5.7040 16.9285 5.9509 17.0691 5.6015 16.9923 5.7704 17.1371 5.3823 17.3668 4.6423 17.2429 5.1051 17.3967 4.4843 17.2223 5.1392 17.2905 4.9941 17.5086 4.2037 17.5019 4.0899 17.0789 5.7631 16.9415 6.1542 17.4044 4.4309 17.1364 5.6406 17.3191 4.9617 17.4554 4.3818 17.4433 4.5951 17.4426 4.6993 
dot 15 17.1453 5.7100 17.4781 4.5737 17.3375 5.0626 17.4770 4.3348 17.3715 5.0627 17.5719 4.2761 17.4626 4.7367 17.4839 4.3741 17.4321 4.8733 17.5496 4.1927 
clear
gstate $g
if {[check_session]} return
translate 0 90
scale 0.03
text 15 0 0 {META RECORDED DIRECTIONAL }
text 15 0 -100 TARGET=-1
text 15 0 -200 BEST=118.5
text 15 0 -300 GENERATION=5
text 15 0 -500 PARENTS=-9266128936674546510708803659540666989570440318463045266854634092789923316019634195319186364987354661410697604753167801167177259691798259274535313963828899395054512892298208739898816592182784001477532694415068917387837429455519744.00
gstate $h
dot 15 9.9294 0.4163 10.0168 5.3131 10.4856 5.3709 11.3215 4.0086 11.7620 3.0672 11.3947 4.3033 12.3627 2.3710 12.3150 2.2426 12.4019 1.6009 12.6996 4.2588 13.1194 1.8816 13.3132 2.2545 12.7495 4.2747 12.2609 4.9160 13.6959 -2.0500 10.8742 8.1344 13.0870 4.5976 13.8152 1.7917 13.3956 4.1049 13.8715 2.4918 
dot 15 13.0793 4.2730 13.4415 3.6539 13.8785 2.0396 13.1036 5.1226 13.0294 5.3215 13.8085 3.1257 13.2277 5.2749 13.9339 2.8315 13.9257 3.3855 13.3429 5.3523 13.4043 3.7230 14.4359 -0.9019 12.9649 6.4212 13.4741 5.3133 12.8771 5.6121 14.2795 2.5767 13.9329 4.2861 14.0978 3.5578 14.3465 2.6046 14.2460 3.1232 
dot 15 13.5361 5.6740 14.7796 -0.3912 13.7343 5.4030 14.5301 2.7635 13.5221 5.0727 14.8811 -0.2347 12.2802 8.1078 14.0018 4.8911 14.4328 3.4225 12.3083 7.9985 14.0020 5.1287 14.5410 3.5252 14.3150 4.2393 14.6968 2.7414 14.1430 4.8552 14.7354 0.1172 13.7205 4.9276 13.1553 6.9823 12.4809 7.8103 13.5951 6.4924 
dot 15 14.3127 4.8130 14.6490 3.5604 14.3139 4.8493 13.8392 6.1514 14.1698 5.2813 14.6075 4.1278 14.2483 5.2062 14.3978 4.9164 13.3500 7.2498 14.5519 4.5435 
clear
gstate $g
if {[check_session]} return
translate 0 90
scale 0.03
text 15 0 0 {META RECORDED DIRECTIONAL }
text 15 0 -100 TARGET=-1
text 15 0 -200 BEST=5.417
text 15 0 -300 GENERATION=6
text 15 0 -500 PARENTS=-9266128936674546510708803659540666989570440318463045266854634092789923316019634195319186364987354661410697604753167801167177259691798259274535313963828899395054512892298208739898816592182784001477532694415068917387837429455519744.00
gstate $h
dot 15 0.2534 -1.9146 1.8823 0.4032 2.2950 -0.1482 0.7006 2.6198 2.4267 0.5505 2.5611 -1.0754 2.9435 -2.3746 3.5151 0.9993 4.5317 -0.0995 2.5785 3.2786 -1.2942 -2.3739 3.8274 3.6604 0.0604 -0.7397 -5.1484 3.7411 4.8211 3.5620 6.5947 0.4417 5.6401 0.2623 6.5944 1.4010 5.4064 -1.8985 2.5562 -5.0309 
dot 15 4.9362 3.5986 6.3445 -1.3602 3.1785 -3.5521 5.5000 2.7611 1.0946 -4.8194 6.8300 1.0008 1.7114 0.4457 5.1733 4.5429 3.9982 -3.4028 6.5401 2.7036 6.5775 -2.5600 6.0031 3.7391 -1.5149 -1.0462 3.4911 -0.6612 6.4448 -1.3363 7.1152 0.5438 7.0919 -1.1472 7.6424 -0.0229 0.9598 4.3345 -6.9913 0.5385 
dot 15 3.6948 -0.3656 7.2671 -0.9708 7.6710 -1.6151 7.3723 0.1143 -1.3799 7.4178 4.7654 -2.8024 4.5921 -4.9822 4.0176 3.8921 8.2675 0.2694 7.9515 -0.7009 7.9179 2.0604 8.4057 -1.4909 7.5584 -0.8025 7.8481 -1.3471 8.9830 -1.0281 8.6285 -2.9098 8.1404 3.5949 8.5774 3.4406 7.4570 4.8045 8.9752 -1.3312 
dot 15 9.0497 -0.7476 9.1301 0.3340 9.3636 0.1501 8.6024 -0.8667 9.4316 -0.5562 8.3811 4.7091 9.3892 -1.6114 9.6292 1.2712 8.8492 -0.6469 9.5970 -0.2214 
clear
gstate $g
if {[check_session]} return
translate 0 90
scale 0.03
text 15 0 0 {META RECORDED DIRECTIONAL }
text 15 0 -100 TARGET=-1
text 15 0 -200 BEST=0.5074
text 15 0 -300 GENERATION=7
text 15 0 -500 PARENTS=-9266128936674546510708803659540666989570440318463045266854634092789923316019634195319186364987354661410697604753167801167177259691798259274535313963828899395054512892298208739898816592182784001477532694415068917387837429455519744.00
gstate $h
dot 15 -0.0482 -0.2851 -0.0099 1.5089 1.4987 -1.0695 0.2534 -1.9146 0.8205 -1.2568 1.8823 0.4032 1.4894 -1.0771 2.2950 -0.1482 0.7006 2.6198 -3.2992 1.5261 -2.2085 1.3111 2.4267 0.5505 2.5611 -1.0754 -3.7432 1.4484 -0.9498 0.2210 2.5729 -2.1407 -1.1175 -1.0690 2.9435 -2.3746 -3.9861 0.8215 3.5151 0.9993 
dot 15 3.6160 -2.6440 4.5317 -0.0995 -0.5356 -2.1995 2.5785 3.2786 -3.1401 2.6802 3.9260 1.1737 -5.0315 -0.9428 -1.2942 -2.3739 -3.0337 -4.2921 1.3857 -0.5377 0.2454 0.3228 2.8075 -1.6427 -4.8727 -0.6593 2.1188 -2.8112 -2.8591 -2.4425 3.8274 3.6604 0.8298 -0.7004 -1.8249 -3.6367 0.0604 -0.7397 -2.8858 4.0280 
dot 15 3.7170 0.5643 -4.1513 -2.9685 4.7037 -3.5555 -6.1437 -1.2067 5.8759 1.4550 0.9134 1.4799 -3.3951 0.9066 -4.8094 -1.0802 -3.4010 2.4084 -3.6089 3.3318 -3.3297 -4.0864 -5.1484 3.7411 4.8211 3.5620 6.5947 0.4417 5.6401 0.2623 -2.4292 5.2367 6.5944 1.4010 5.4064 -1.8985 2.5562 -5.0309 -5.2874 3.4527 
dot 15 4.4794 4.5965 3.8241 -1.0160 -2.4710 -6.0020 -1.9930 -2.9570 -0.7590 -2.8495 -2.9870 -5.4355 -5.6488 2.7780 -2.4034 -2.9848 -6.9676 1.1845 6.2626 2.2809 
clear
gstate $g
if {[check_session]} return
translate 0 90
scale 0.03
text 15 0 0 {META RECORDED DIRECTIONAL }
text 15 0 -100 TARGET=-1
text 15 0 -200 BEST=0.5074
text 15 0 -300 GENERATION=8
text 15 0 -500 PARENTS=-9266128936674546510708803659540666989570440318463045266854634092789923316019634195319186364987354661410697604753167801167177259691798259274535313963828899395054512892298208739898816592182784001477532694415068917387837429455519744.00
gstate $h
dot 15 -0.0482 -0.2851 1.0683 -1.1736 1.7711 -0.3661 -0.0099 1.5089 1.4987 -1.0695 1.9665 -0.0892 0.2534 -1.9146 0.8205 -1.2568 1.8823 0.4032 1.4894 -1.0771 -0.8615 1.1574 2.2950 -0.1482 1.3714 2.0089 0.3943 -0.7931 0.7646 1.2625 -0.7998 2.8720 0.7006 2.6198 -3.2992 1.5261 -2.2085 1.3111 0.4436 0.2054 
dot 15 -0.5924 -2.6762 2.4267 0.5505 -1.9248 -1.7398 3.1875 -1.2092 2.5611 -1.0754 2.6840 -1.6772 -3.7432 1.4484 -2.6306 -2.9026 -0.9498 0.2210 2.5729 -2.1407 -3.6160 -1.6469 -1.1175 -1.0690 -3.1763 2.7083 2.9435 -2.3746 -3.9861 0.8215 3.5151 0.9993 2.9523 3.6760 -2.9071 0.3846 -3.0863 -1.4739 -4.1425 -1.3128 
dot 15 -4.1015 -1.0421 -2.8946 -3.4926 4.4146 0.2717 -3.7594 -3.6308 2.5647 -0.5113 4.4316 -1.2524 -3.5476 4.2264 -3.7698 0.5980 1.5796 -1.0960 -4.6016 -3.4696 -2.0308 -3.4578 -3.0847 -2.8276 -5.3935 -1.6896 -2.8167 -4.6970 -0.8189 2.6158 -5.0283 -4.2259 -6.0872 0.2616 -4.8274 -3.9737 6.4282 2.1348 -6.6349 0.0566 
dot 15 -2.8765 3.3114 -4.9499 -2.8802 -4.9006 -0.3525 0.5644 -1.3488 -5.3886 4.7618 -5.6481 -4.5803 -6.2692 2.2606 -6.2280 -2.5444 1.5158 -4.6994 -6.0333 -4.7986 
clear
gstate $g
if {[check_session]} return
translate 0 90
scale 0.03
text 15 0 0 {META RECORDED DIRECTIONAL }
text 15 0 -100 TARGET=-1
text 15 0 -200 BEST=0.5074
text 15 0 -300 GENERATION=9
text 15 0 -500 PARENTS=-9266128936674546510708803659540666989570440318463045266854634092789923316019634195319186364987354661410697604753167801167177259691798259274535313963828899395054512892298208739898816592182784001477532694415068917387837429455519744.00
gstate $h
dot 15 -0.0482 -0.2851 0.2690 0.4444 1.3240 0.0381 0.6775 -1.1417 0.5290 -1.2362 -1.0888 1.0871 0.5735 -1.2682 0.4427 -1.3580 1.0683 -1.1736 0.5919 -0.8497 0.8580 -1.2878 0.9415 -1.2829 0.4081 -1.3263 0.4042 -1.5024 1.7711 -0.3661 -0.0099 1.5089 0.3336 1.8742 -0.6079 -1.4388 1.4987 -1.0695 1.9776 0.1370 
dot 15 1.9539 -0.3887 1.6303 -1.1131 1.9665 -0.0892 -0.5338 -1.6438 0.2534 -1.9146 1.9915 0.6355 0.8205 -1.2568 1.8823 0.4032 -1.6249 -0.6250 2.1846 0.6727 -1.5112 1.0645 1.4894 -1.0771 1.2534 2.3511 -0.8615 1.1574 -0.2579 -1.0293 1.0876 2.0437 2.2950 -0.1482 -1.5889 -0.8953 -2.2578 0.7093 2.4263 0.8040 
dot 15 2.4273 0.7266 1.3714 2.0089 2.6764 -0.4570 2.1622 0.7194 -0.3567 -0.7270 0.3943 -0.7931 0.7646 1.2625 0.8118 -0.8508 -1.4244 -1.2606 2.7093 1.2953 0.3629 -2.4315 -0.8020 -0.4932 2.7240 0.9196 -0.9230 2.8683 -0.7998 2.8720 -0.9590 2.9643 -1.9041 2.6595 -0.0976 0.3635 0.9776 2.3771 0.7006 2.6198 
dot 15 -1.1670 3.1687 -3.2992 1.5261 -0.9788 -1.5790 1.0965 0.3643 -3.2598 1.7087 -1.5672 -0.5949 -2.2085 1.3111 0.4436 0.2054 -1.7219 3.1672 2.4866 1.8085 
clear
gstate $g
if {[check_session]} return
translate 0 90
scale 0.03
text 15 0 0 {META RECORDED DIRECTIONAL }
text 15 0 -100 TARGET=-1
text 15 0 -200 BEST=0.2802
text 15 0 -300 GENERATION=10
text 15 0 -500 PARENTS=-9266128936674546510708803659540666989570440318463045266854634092789923316019634195319186364987354661410697604753167801167177259691798259274535313963828899395054512892298208739898816592182784001477532694415068917387837429455519744.00
gstate $h
dot 15 0.2379 -0.3669 -0.0482 -0.2851 0.2690 0.4444 -0.1498 -0.1674 0.3663 -0.6116 0.0883 0.1525 -0.3994 1.0516 -0.4038 -0.4841 1.3240 0.0381 0.1468 -1.0913 0.1962 -1.1210 -0.2202 -1.0692 0.8085 -1.0333 -0.1650 -1.0744 0.4401 -1.1157 -0.3156 -1.0527 0.5749 -1.1321 0.6137 -1.2252 0.1550 -1.2373 0.6775 -1.1417 
dot 15 0.4880 -1.0927 0.6966 0.6029 0.3729 -1.2335 1.6143 0.0213 0.4928 -1.2388 0.7486 -1.1552 0.5290 -1.2362 0.0352 -1.2758 0.5883 -1.2309 0.8818 -1.1456 0.7831 -1.1930 -1.0888 1.0871 0.7729 -1.1685 0.4909 -1.2832 0.5080 -1.4557 0.5141 -1.2283 0.4738 -1.2736 0.0120 -1.3113 0.7402 -1.2836 0.7179 -1.2678 
dot 15 0.9545 -1.2398 0.4988 -1.2393 -0.0045 -1.3410 0.5735 -1.2682 -0.1296 -1.3296 0.7366 -1.2338 1.0938 -0.9404 -0.1000 -1.3514 0.7523 -1.2033 0.8559 0.6138 1.5564 -0.6427 0.4516 -1.2182 1.6476 0.2540 0.2136 -1.2928 0.2802 -1.2595 0.4427 -1.3580 1.0683 -1.1736 0.5919 -0.8497 0.7616 -1.2808 0.7213 -1.3410 
dot 15 0.8580 -1.2878 0.1792 -1.4010 -0.0068 -1.4707 0.5588 -1.5144 0.9415 -1.2829 0.4081 -1.3263 0.9126 -1.3456 1.2878 -1.1020 -0.3900 -1.3600 1.0560 -1.2544 
clear
gstate $g
if {[check_session]} return
translate 0 90
scale 0.03
text 15 0 0 {META RECORDED DIRECTIONAL }
text 15 0 -100 TARGET=-1
text 15 0 -200 BEST=0.2208
text 15 0 -300 GENERATION=11
text 15 0 -500 PARENTS=-9266128936674546510708803659540666989570440318463045266854634092789923316019634195319186364987354661410697604753167801167177259691798259274535313963828899395054512892298208739898816592182784001477532694415068917387837429455519744.00
gstate $h
dot 15 0.3823 -0.1343 0.1952 -0.4171 0.2379 -0.3669 0.4814 -0.2547 0.3531 -0.4138 -0.4548 0.1013 -0.5239 -0.3382 -0.4687 0.2461 -0.0482 -0.2851 0.3958 -0.3340 -0.2731 0.2464 0.2690 0.4444 -0.2708 -0.0558 0.2080 -0.4055 -0.6986 0.2399 -0.1498 -0.1674 -0.0887 -0.3827 0.4737 -0.4125 -0.7126 0.5419 -0.2917 0.7765 
dot 15 0.5969 -0.4965 0.3663 -0.6116 -0.3866 -1.0524 -0.4186 -0.8809 0.4802 -0.5217 0.7307 -0.7258 0.2473 -1.0988 0.0883 0.1525 -0.2803 -1.1438 0.2196 0.9213 0.7189 -0.8212 -0.2495 -1.2071 0.1761 -1.2587 -0.7544 -0.6257 -0.3356 -0.9926 0.9358 -0.7367 -0.3994 1.0516 0.7771 -0.9840 0.3235 -0.6885 0.7889 -0.8705 
dot 15 0.4188 -0.8790 -0.4038 -0.4841 -0.2985 1.0640 -0.0885 1.0100 -0.7038 1.0178 -0.5184 1.0657 0.4126 -1.3169 0.7944 -1.0520 1.3240 0.0381 -0.4369 -0.9705 0.5874 0.9704 0.2673 -1.0878 0.1468 -1.0913 0.0295 -1.3203 0.3309 -1.1101 0.1931 -1.0649 -0.0084 -1.0929 -0.0998 -1.2207 0.1728 -1.1216 0.3963 -1.1094 
dot 15 0.1962 -1.1210 -0.2642 -1.1875 0.1138 -1.1133 0.3527 -1.1096 -0.0026 -1.1106 0.6068 -1.0008 0.4759 -1.1079 0.4272 -1.1180 -0.2202 -1.0692 0.8085 -1.0333 
clear
gstate $g
if {[check_session]} return
translate 0 90
scale 0.03
text 15 0 0 {META RECORDED DIRECTIONAL }
text 15 0 -100 TARGET=-1
text 15 0 -200 BEST=0.1755
text 15 0 -300 GENERATION=12
text 15 0 -500 PARENTS=-9266128936674546510708803659540666989570440318463045266854634092789923316019634195319186364987354661410697604753167801167177259691798259274535313963828899395054512892298208739898816592182784001477532694415068917387837429455519744.00
gstate $h
dot 15 0.0985 -0.3627 -0.0173 0.4145 0.3823 -0.1343 0.2920 -0.3665 0.2343 0.0070 0.1952 -0.4171 0.1128 -0.4491 0.1331 -0.2196 0.2581 -0.1370 0.1677 -0.4677 -0.1938 -0.4451 0.2379 -0.3669 0.1109 -0.4500 -0.1135 -0.0546 0.4814 -0.2547 -0.3492 -0.3579 0.3531 -0.4138 0.4416 -0.3365 -0.4548 0.1013 0.0703 -0.3473 
dot 15 -0.5239 -0.3382 -0.4015 0.1315 -0.0595 -0.5314 -0.4687 0.2461 -0.3479 0.4257 0.2012 -0.4626 -0.2091 -0.0308 -0.2981 0.0042 -0.0482 -0.2851 -0.1979 0.3874 0.1869 -0.7006 -0.6165 -0.3078 0.7544 0.0892 0.3958 -0.3340 -0.6257 0.4531 -0.2731 0.2464 0.3316 -0.6550 0.2690 0.4444 -0.3221 -0.0207 -0.4008 0.0713 
dot 15 -0.3439 0.0116 -0.2708 -0.0558 0.2080 -0.4055 -0.3796 0.0663 -0.4133 0.0674 0.6253 -0.5425 -0.6986 0.2399 -0.1763 -0.1457 -0.1498 -0.1674 0.3126 -0.7373 -0.4799 0.1473 -0.5080 0.1727 -0.0887 -0.3827 0.4737 -0.4125 -0.7807 0.2169 0.6698 -0.5372 0.1572 -0.1187 -0.8253 0.1882 -0.7675 0.3095 -0.7283 0.5507 
dot 15 -0.7126 0.5419 0.7860 -0.3940 -0.8249 0.3354 -0.1852 -0.1472 0.3286 -0.4361 -0.6369 0.2712 -0.2917 0.7765 -0.5717 -0.3524 -0.9097 0.3130 -0.8881 0.4530 
clear
gstate $g
if {[check_session]} return
translate 0 90
scale 0.03
text 15 0 0 {META RECORDED DIRECTIONAL }
text 15 0 -100 TARGET=-1
text 15 0 -200 BEST=0.04161
text 15 0 -300 GENERATION=13
text 15 0 -500 PARENTS=-9266128936674546510708803659540666989570440318463045266854634092789923316019634195319186364987354661410697604753167801167177259691798259274535313963828899395054512892298208739898816592182784001477532694415068917387837429455519744.00
gstate $h
dot 15 0.0144 -0.1853 0.0833 -0.1248 -0.1043 -0.1491 0.0166 -0.2469 0.1816 -0.1893 0.1581 -0.2121 0.0560 -0.2230 -0.1659 0.1930 -0.1478 0.1857 0.0835 -0.1790 0.0101 -0.1974 0.0192 -0.3086 0.1165 -0.3718 0.1261 -0.3157 -0.2425 -0.2238 0.2047 -0.3474 0.0985 -0.3627 -0.2054 -0.3369 0.0024 -0.4163 -0.0173 0.4145 
dot 15 0.0517 -0.4123 0.1711 -0.3970 -0.1564 -0.1986 -0.2768 -0.3331 0.1421 -0.3276 0.3823 -0.1343 0.2920 -0.3665 0.2343 0.0070 0.1952 -0.4171 0.3331 -0.0718 0.1254 -0.4448 0.1128 -0.4491 -0.0644 -0.1052 0.1331 -0.2196 0.2581 -0.1370 0.2133 0.1112 0.0992 -0.4498 0.1677 -0.4677 0.2593 -0.4282 0.2113 -0.4499 
dot 15 0.0207 -0.4804 -0.1938 -0.4451 0.0633 -0.5011 0.2984 -0.4283 0.2379 -0.3669 0.1727 -0.4927 0.1861 -0.3836 0.1109 -0.4500 0.3757 -0.3787 -0.0852 -0.2008 0.3921 -0.3633 0.1163 -0.5035 -0.1135 -0.0546 0.4814 -0.2547 0.4259 -0.3464 0.2243 -0.2866 -0.3492 -0.3579 0.3531 -0.4138 0.5129 -0.2145 -0.2527 -0.3888 
dot 15 0.4416 -0.3365 -0.3149 -0.3803 0.2063 0.3628 -0.3567 0.2143 0.4946 0.3111 -0.0591 -0.5646 -0.2351 -0.3689 -0.4548 0.1013 0.0703 -0.3473 0.5146 -0.2728 
clear
gstate $g
if {[check_session]} return
translate 0 90
scale 0.03
text 15 0 0 {META RECORDED DIRECTIONAL }
text 15 0 -100 TARGET=-1
text 15 0 -200 BEST=0.01631
text 15 0 -300 GENERATION=14
text 15 0 -500 PARENTS=-9266128936674546510708803659540666989570440318463045266854634092789923316019634195319186364987354661410697604753167801167177259691798259274535313963828899395054512892298208739898816592182784001477532694415068917387837429455519744.00
gstate $h
dot 15 -0.0713 -0.0076 -0.0319 -0.0544 -0.0104 0.0931 -0.0240 -0.0372 0.1746 0.0298 0.0974 -0.1713 0.0144 -0.1853 -0.1422 -0.0836 0.0374 0.1898 0.0406 0.1662 0.0313 -0.2077 -0.1560 -0.0746 0.0833 -0.1248 -0.1335 -0.1806 0.1514 -0.1312 -0.1043 -0.1491 -0.0451 -0.1989 -0.0290 -0.1880 -0.0523 0.1411 0.0195 -0.1044 
dot 15 0.1528 0.1413 0.1361 -0.1340 0.1645 -0.1707 0.0166 -0.2469 0.0524 -0.2366 -0.2273 -0.0798 -0.1479 -0.1304 0.1816 -0.1893 0.1581 -0.2121 0.1282 -0.2354 0.0930 -0.1483 0.0560 -0.2230 0.0316 -0.2662 0.0467 -0.1037 -0.1659 0.1930 -0.1478 0.1857 -0.1484 -0.0696 0.2376 -0.2087 0.0212 -0.3131 -0.3069 0.0019 
dot 15 0.1132 -0.2439 0.0491 -0.1342 -0.1102 -0.2589 -0.2370 -0.2112 0.0835 -0.1790 0.0532 0.0508 -0.0021 -0.3315 0.0101 -0.1974 -0.1080 -0.0296 -0.0620 0.1100 -0.3115 0.0603 0.2241 0.1702 0.0457 -0.3233 -0.3275 0.0707 -0.1452 0.1729 -0.2522 -0.2249 0.0192 -0.3086 0.0396 -0.2621 -0.3241 -0.1324 -0.2353 -0.2745 
dot 15 -0.3202 0.1735 -0.1701 -0.2430 -0.0596 -0.2636 -0.0838 -0.0483 -0.1375 -0.3541 0.1165 -0.3718 -0.1676 -0.3500 0.1261 -0.3157 -0.0235 0.0549 0.3238 -0.2177 
clear
gstate $g
if {[check_session]} return
translate 0 90
scale 0.03
text 15 0 0 {META RECORDED DIRECTIONAL }
text 15 0 -100 TARGET=-1
text 15 0 -200 BEST=0.007143
text 15 0 -300 GENERATION=15
text 15 0 -500 PARENTS=-9266128936674546510708803659540666989570440318463045266854634092789923316019634195319186364987354661410697604753167801167177259691798259274535313963828899395054512892298208739898816592182784001477532694415068917387837429455519744.00
gstate $h
dot 15 -0.0631 -0.0300 -0.0713 -0.0076 -0.0319 -0.0544 -0.1192 -0.0670 0.0596 -0.1347 -0.0104 0.0931 -0.0783 -0.1465 -0.0240 -0.0372 -0.0513 -0.1098 -0.0459 -0.1718 0.1403 0.1103 0.1044 -0.1400 0.1746 0.0298 0.0522 0.1783 0.1782 0.0792 -0.1189 -0.1536 0.0844 -0.1626 0.0974 -0.1713 0.0586 0.1352 -0.1426 0.0101 
dot 15 0.0144 -0.1853 -0.1837 0.0034 -0.1422 -0.0836 -0.1585 -0.0563 -0.1454 -0.0813 -0.1733 -0.0254 0.0374 0.1898 -0.1330 -0.0977 -0.1321 -0.1002 -0.0200 -0.1676 -0.1275 -0.1090 0.0406 0.1662 0.1256 -0.0732 -0.0992 -0.1436 0.0313 -0.2077 -0.2119 -0.0095 -0.1919 -0.0021 -0.1560 -0.0746 0.0833 -0.1248 -0.0573 -0.1902 
dot 15 -0.1335 -0.1806 -0.1103 -0.1234 0.1514 -0.1312 -0.1119 -0.1383 -0.1354 -0.0556 -0.1043 -0.1491 -0.0451 -0.1989 -0.0290 -0.1880 -0.0523 0.1411 0.0195 -0.1044 -0.1654 -0.0128 -0.1477 -0.1452 -0.0235 -0.2098 0.1354 0.1512 0.1106 -0.2166 0.2129 0.1175 0.1736 -0.1594 -0.2248 0.0577 0.0593 -0.2034 -0.1450 0.0199 
dot 15 -0.2504 0.0203 0.1709 -0.1178 -0.2306 0.0387 -0.2045 -0.1116 -0.0505 -0.1922 -0.2410 -0.0073 -0.1135 0.1595 -0.2118 -0.0851 -0.0522 -0.0582 0.0713 -0.2358 
clear
gstate $g
if {[check_session]} return
translate 0 90
scale 0.03
text 15 0 0 {META RECORDED DIRECTIONAL }
text 15 0 -100 TARGET=-1
text 15 0 -200 BEST=0.00243
text 15 0 -300 GENERATION=16
text 15 0 -500 PARENTS=-9266128936674546510708803659540666989570440318463045266854634092789923316019634195319186364987354661410697604753167801167177259691798259274535313963828899395054512892298208739898816592182784001477532694415068917387837429455519744.00
gstate $h
dot 15 0.0189 -0.0216 0.0698 0.0408 -0.0631 -0.0300 0.0904 0.0004 -0.0754 0.0610 0.0181 -0.0908 0.0242 -0.0932 0.0141 -0.0945 0.0258 -0.1004 0.0118 -0.0931 0.0710 -0.0465 0.0252 -0.1022 0.0322 -0.1061 -0.0713 -0.0076 0.0893 -0.0894 -0.0862 0.0481 -0.0319 -0.0544 0.0474 -0.1222 -0.1192 -0.0670 -0.0032 0.1234 
dot 15 0.0303 0.1293 0.0596 -0.1347 0.1391 0.0492 -0.1161 0.0134 -0.0104 0.0931 -0.0885 -0.1328 0.1089 -0.1203 -0.1129 0.0368 0.0676 -0.1503 -0.1596 0.0375 -0.0448 -0.1255 0.0287 -0.0774 -0.0545 -0.1566 -0.0783 -0.1465 0.0992 -0.0847 -0.0240 -0.0372 0.0298 0.1714 -0.1014 0.0216 0.0228 0.1750 -0.0513 -0.1098 
dot 15 -0.0459 -0.1718 0.1721 0.0524 0.1382 0.1112 0.1403 0.1103 0.1044 -0.1400 0.0943 -0.1220 -0.0193 -0.1764 0.1746 0.0298 0.0522 0.1783 0.0524 -0.1804 0.1052 -0.1632 0.1782 0.0792 -0.1189 -0.1536 0.0048 -0.0995 0.0844 -0.1626 0.0974 -0.1713 0.0586 0.1352 0.1637 0.1043 -0.0718 0.1125 -0.1426 0.0101 
dot 15 0.0591 -0.1764 0.1781 0.0932 -0.1437 -0.0052 0.1626 -0.1258 0.0633 -0.1960 -0.1398 -0.0547 0.0997 0.1833 0.1407 -0.1540 -0.0800 -0.1310 -0.0171 -0.2094 
clear
gstate $g
if {[check_session]} return
translate 0 90
scale 0.03
text 15 0 0 {META RECORDED DIRECTIONAL }
text 15 0 -100 TARGET=-1
text 15 0 -200 BEST=0.0004921
text 15 0 -300 GENERATION=17
text 15 0 -500 PARENTS=-9266128936674546510708803659540666989570440318463045266854634092789923316019634195319186364987354661410697604753167801167177259691798259274535313963828899395054512892298208739898816592182784001477532694415068917387837429455519744.00
gstate $h
dot 15 -0.0142 0.0040 -0.0184 0.0304 0.0189 -0.0216 0.0122 0.0507 0.0399 0.0612 0.0273 0.0346 0.0713 0.0170 0.0698 0.0408 0.0039 0.0722 -0.0631 -0.0300 0.0245 -0.0336 -0.0206 -0.0362 -0.0093 -0.0564 -0.0271 0.0863 -0.0582 0.0163 -0.0550 0.0147 0.0904 0.0004 -0.0668 0.0192 -0.0236 0.0930 0.0883 -0.0516 
dot 15 -0.0369 -0.0761 0.0840 0.0060 0.0223 -0.0784 0.0029 -0.0758 -0.0754 0.0610 -0.0377 -0.0184 0.0034 -0.0797 0.0060 -0.0509 0.0020 -0.0884 0.0084 -0.0814 -0.0023 -0.0776 0.0117 -0.0833 0.0181 -0.0908 0.0034 -0.0768 -0.0067 -0.0690 0.0081 -0.0804 -0.0076 -0.0602 0.0065 -0.0811 0.0242 -0.0932 -0.0216 -0.0641 
dot 15 0.0176 -0.0932 0.0857 0.0468 -0.0442 -0.0278 -0.0343 -0.0278 -0.0203 -0.0377 0.0209 -0.0972 -0.0204 -0.0551 -0.0260 -0.0481 -0.0268 -0.0476 -0.0187 -0.0584 0.0248 -0.1041 0.0336 -0.1063 0.0141 -0.0945 -0.0249 -0.0487 0.0258 -0.1004 0.0007 -0.0841 -0.0092 -0.0802 -0.0113 -0.0208 0.0351 -0.1003 0.0391 -0.1017 
dot 15 0.0118 -0.0931 -0.0117 -0.0560 -0.0069 -0.0822 0.1146 -0.0251 0.0710 -0.0465 0.0252 -0.1022 -0.0371 -0.0527 0.0322 -0.1061 0.0354 -0.1076 0.0033 -0.0857 
clear
gstate $g
if {[check_session]} return
translate 0 90
scale 0.03
text 15 0 0 {META RECORDED DIRECTIONAL }
text 15 0 -100 TARGET=-1
text 15 0 -200 BEST=1.005E-05
text 15 0 -300 GENERATION=18
text 15 0 -500 PARENTS=-9266128936674546510708803659540666989570440318463045266854634092789923316019634195319186364987354661410697604753167801167177259691798259274535313963828899395054512892298208739898816592182784001477532694415068917387837429455519744.00
gstate $h
dot 15 0.0022 0.0017 -0.0142 0.0040 0.0302 0.0038 -0.0184 0.0304 0.0189 -0.0191 0.0189 -0.0216 0.0028 0.0204 -0.0422 0.0220 0.0130 0.0510 -0.0304 0.0491 0.0122 0.0507 0.0370 0.0478 0.0355 0.0511 0.0216 0.0564 0.0212 -0.0119 0.0374 0.0483 0.0050 0.0212 0.0399 0.0612 0.0496 0.0554 0.0273 0.0346 
dot 15 0.0282 -0.0480 0.0273 0.0705 0.0515 -0.0570 0.0355 0.0679 -0.0097 0.0771 -0.0548 0.0075 0.0765 0.0162 0.0713 0.0170 0.0116 0.0802 0.0698 0.0408 0.0039 0.0722 0.0457 -0.0710 -0.0631 -0.0300 -0.0067 0.0282 0.0099 0.0844 0.0246 -0.0279 -0.0609 0.0396 -0.0122 0.0742 -0.0246 -0.0293 0.0329 -0.0781 
dot 15 -0.0093 0.0889 -0.0344 0.0810 0.0245 -0.0336 -0.0675 0.0255 -0.0206 -0.0362 -0.0256 -0.0282 -0.0277 0.0165 0.0000 0.0917 -0.0626 0.0388 -0.0093 -0.0564 -0.0643 0.0430 -0.0065 0.0940 -0.0271 0.0863 -0.0320 -0.0212 -0.0582 0.0163 -0.0550 0.0147 -0.0899 0.0269 -0.0287 -0.0476 -0.0322 -0.0340 0.0904 0.0004 
dot 15 -0.0225 -0.0421 -0.0637 0.0105 0.0788 0.0294 -0.0668 0.0192 -0.0619 -0.0071 -0.0236 0.0930 0.0895 -0.0517 0.0883 -0.0516 -0.0728 0.0335 -0.0367 -0.0199 
clear
gstate $g
if {[check_session]} return
translate 0 90
scale 0.03
text 15 0 0 {META RECORDED DIRECTIONAL }
text 15 0 -100 TARGET=-1
text 15 0 -200 BEST=1.005E-05
text 15 0 -300 GENERATION=19
text 15 0 -500 PARENTS=-9266128936674546510708803659540666989570440318463045266854634092789923316019634195319186364987354661410697604753167801167177259691798259274535313963828899395054512892298208739898816592182784001477532694415068917387837429455519744.00
gstate $h
dot 15 0.0022 0.0017 -0.0011 0.0073 -0.0142 0.0040 0.0198 -0.0127 0.0181 -0.0144 0.0302 0.0038 0.0199 -0.0160 0.0204 -0.0168 0.0131 -0.0157 0.0198 -0.0169 0.0192 -0.0176 0.0193 0.0265 0.0173 -0.0190 -0.0184 0.0304 0.0189 -0.0191 0.0191 -0.0193 0.0113 -0.0231 0.0371 0.0134 0.0320 0.0274 0.0197 -0.0217 
dot 15 0.0189 -0.0216 0.0028 0.0204 -0.0069 0.0202 -0.0364 0.0232 -0.0422 0.0220 0.0130 0.0510 -0.0333 0.0205 0.0498 0.0209 0.0398 0.0365 0.0102 0.0405 0.0277 0.0468 0.0310 0.0469 0.0229 0.0525 -0.0304 0.0491 0.0122 0.0507 0.0109 0.0587 0.0527 0.0324 0.0370 0.0478 0.0453 0.0261 0.0274 0.0515 
dot 15 0.0204 0.0558 0.0355 0.0511 0.0567 -0.0260 0.0216 0.0564 -0.0523 0.0242 0.0212 -0.0119 0.0623 0.0251 0.0374 0.0483 0.0050 0.0212 0.0579 -0.0346 0.0085 0.0526 -0.0253 0.0629 0.0691 0.0107 0.0628 0.0327 0.0533 0.0385 0.0322 0.0646 0.0455 0.0568 0.0222 0.0634 -0.0629 0.0200 0.0226 0.0472 
dot 15 0.0399 0.0612 0.0176 0.0713 0.0634 -0.0192 0.0480 0.0556 -0.0705 0.0030 -0.0584 0.0390 0.0496 0.0554 0.0511 -0.0518 0.0273 0.0346 0.0531 0.0536 
clear
gstate $g
if {[check_session]} return
translate 0 90
scale 0.03
text 15 0 0 {META RECORDED DIRECTIONAL }
text 15 0 -100 TARGET=-1
text 15 0 -200 BEST=1.005E-05
text 15 0 -300 GENERATION=20
text 15 0 -500 PARENTS=-9266128936674546510708803659540666989570440318463045266854634092789923316019634195319186364987354661410697604753167801167177259691798259274535313963828899395054512892298208739898816592182784001477532694415068917387837429455519744.00
gstate $h
dot 15 0.0022 0.0017 0.0115 -0.0056 0.0140 -0.0061 0.0095 -0.0007 0.0145 -0.0061 0.0201 0.0016 0.0194 -0.0080 -0.0011 0.0073 -0.0142 0.0040 0.0190 0.0060 -0.0176 -0.0026 0.0219 -0.0078 0.0237 -0.0085 0.0216 -0.0089 0.0214 -0.0112 0.0223 -0.0078 0.0187 -0.0136 0.0200 -0.0108 0.0165 -0.0047 0.0274 -0.0007 
dot 15 0.0187 -0.0143 0.0177 -0.0170 0.0215 -0.0110 0.0211 -0.0108 0.0217 -0.0117 0.0210 -0.0118 0.0122 -0.0141 0.0214 -0.0125 0.0198 -0.0127 0.0194 -0.0129 0.0285 -0.0093 0.0169 -0.0149 0.0216 -0.0103 0.0182 -0.0152 0.0262 0.0111 0.0208 -0.0133 0.0181 -0.0144 0.0210 -0.0156 0.0302 0.0038 0.0263 -0.0114 
dot 15 0.0258 -0.0112 0.0262 -0.0138 0.0181 -0.0159 0.0131 0.0216 0.0174 -0.0140 0.0215 -0.0155 0.0307 0.0041 0.0196 -0.0142 0.0201 -0.0143 0.0190 -0.0154 0.0179 -0.0126 0.0192 -0.0156 0.0198 -0.0160 0.0190 -0.0170 0.0193 -0.0156 0.0163 -0.0201 0.0233 -0.0158 0.0187 -0.0168 0.0235 -0.0171 0.0195 -0.0162 
dot 15 0.0199 -0.0160 0.0182 -0.0180 0.0364 0.0002 0.0204 -0.0168 0.0131 -0.0157 0.0198 -0.0169 0.0204 -0.0189 0.0178 -0.0176 0.0283 -0.0072 0.0197 -0.0174 
clear
gstate $g
if {[check_session]} return
translate 0 90
scale 0.03
text 15 0 0 {META RECORDED DIRECTIONAL }
text 15 0 -100 TARGET=-1
text 15 0 -200 BEST=1.005E-05
text 15 0 -300 GENERATION=21
text 15 0 -500 PARENTS=-9266128936674546510708803659540666989570440318463045266854634092789923316019634195319186364987354661410697604753167801167177259691798259274535313963828899395054512892298208739898816592182784001477532694415068917387837429455519744.00
gstate $h
dot 15 0.0022 0.0017 0.0022 -0.0024 0.0070 -0.0004 0.0087 -0.0022 0.0092 0.0046 0.0038 -0.0004 0.0115 -0.0056 -0.0132 -0.0042 0.0140 -0.0061 0.0095 -0.0007 0.0082 -0.0069 0.0025 0.0077 -0.0053 -0.0099 0.0170 -0.0072 0.0139 0.0118 -0.0145 -0.0099 0.0135 -0.0025 0.0133 0.0078 0.0145 -0.0061 -0.0080 0.0093 
dot 15 0.0180 0.0001 0.0197 -0.0038 0.0201 0.0016 0.0194 -0.0080 0.0175 0.0041 -0.0041 -0.0199 0.0199 0.0005 0.0132 -0.0046 -0.0011 0.0073 -0.0142 0.0040 0.0191 -0.0084 0.0206 -0.0081 0.0136 -0.0126 0.0203 -0.0102 0.0220 -0.0060 0.0224 -0.0050 0.0220 -0.0076 0.0143 -0.0070 0.0084 0.0132 0.0234 -0.0032 
dot 15 0.0223 -0.0074 0.0229 -0.0017 0.0003 0.0074 0.0206 0.0120 0.0233 -0.0060 0.0237 0.0038 0.0190 0.0060 0.0232 -0.0041 -0.0176 -0.0026 0.0153 -0.0155 0.0232 -0.0047 0.0232 -0.0058 0.0188 0.0066 0.0243 -0.0004 0.0196 -0.0067 0.0221 0.0001 0.0214 -0.0099 0.0219 -0.0078 0.0175 -0.0145 0.0183 -0.0114 
dot 15 0.0244 -0.0050 0.0163 -0.0137 0.0233 0.0013 0.0237 -0.0085 0.0216 -0.0089 -0.0204 -0.0052 0.0247 -0.0052 0.0257 -0.0017 0.0255 -0.0035 0.0255 -0.0045 
clear
gstate $g
if {[check_session]} return
translate 0 90
scale 0.03
text 15 0 0 {META RECORDED DIRECTIONAL }
text 15 0 -100 TARGET=-1
text 15 0 -200 BEST=1.005E-05
text 15 0 -300 GENERATION=22
text 15 0 -500 PARENTS=-9266128936674546510708803659540666989570440318463045266854634092789923316019634195319186364987354661410697604753167801167177259691798259274535313963828899395054512892298208739898816592182784001477532694415068917387837429455519744.00
gstate $h
dot 15 0.0022 0.0017 0.0020 0.0026 0.0022 -0.0024 0.0053 0.0026 0.0070 -0.0004 -0.0004 -0.0018 0.0034 -0.0033 -0.0060 -0.0002 0.0061 0.0031 0.0072 0.0048 0.0087 -0.0022 0.0038 0.0068 0.0070 0.0029 -0.0046 0.0046 0.0092 -0.0020 -0.0051 0.0001 0.0081 0.0036 0.0094 0.0025 0.0038 0.0077 0.0034 0.0089 
dot 15 0.0089 -0.0065 0.0088 0.0077 0.0079 -0.0092 0.0092 0.0046 0.0125 -0.0012 0.0131 -0.0044 0.0137 -0.0014 0.0087 -0.0109 0.0145 0.0017 0.0038 -0.0004 0.0115 -0.0056 0.0078 -0.0128 0.0094 0.0087 -0.0132 -0.0042 0.0118 -0.0072 0.0101 0.0076 0.0140 -0.0050 0.0140 -0.0061 0.0025 0.0070 0.0095 -0.0007 
dot 15 -0.0124 0.0065 0.0108 -0.0055 0.0082 -0.0069 0.0025 0.0077 0.0167 0.0003 0.0145 -0.0073 -0.0051 -0.0102 0.0083 0.0098 -0.0010 -0.0000 -0.0174 -0.0025 0.0063 -0.0073 -0.0029 -0.0136 -0.0053 -0.0099 0.0124 -0.0085 -0.0080 0.0028 0.0073 -0.0004 0.0176 0.0041 -0.0042 0.0019 -0.0062 0.0047 0.0170 -0.0072 
dot 15 0.0154 -0.0048 0.0139 0.0118 -0.0145 -0.0099 0.0135 -0.0025 0.0133 0.0078 0.0123 -0.0072 0.0163 -0.0054 0.0145 -0.0061 0.0139 -0.0003 0.0199 -0.0024 
clear
gstate $g
if {[check_session]} return
translate 0 90
scale 0.03
text 15 0 0 {META RECORDED DIRECTIONAL }
text 15 0 -100 TARGET=-1
text 15 0 -200 BEST=1.005E-05
text 15 0 -300 GENERATION=23
text 15 0 -500 PARENTS=-9266128936674546510708803659540666989570440318463045266854634092789923316019634195319186364987354661410697604753167801167177259691798259274535313963828899395054512892298208739898816592182784001477532694415068917387837429455519744.00
gstate $h
dot 15 0.0022 0.0017 0.0027 -0.0019 0.0015 -0.0034 -0.0025 -0.0001 0.0020 0.0026 -0.0013 0.0006 0.0022 -0.0024 0.0053 0.0026 0.0041 -0.0027 0.0001 0.0041 -0.0015 0.0066 0.0070 -0.0004 -0.0004 -0.0018 0.0034 -0.0033 0.0068 0.0015 0.0065 -0.0004 -0.0012 0.0057 0.0037 -0.0031 -0.0060 -0.0002 0.0061 0.0031 
dot 15 0.0067 -0.0005 0.0004 0.0045 0.0061 -0.0057 0.0017 -0.0056 0.0028 -0.0023 0.0085 -0.0000 0.0003 0.0042 -0.0055 -0.0039 0.0082 -0.0023 0.0089 0.0009 0.0067 0.0042 0.0072 0.0048 -0.0005 0.0042 0.0038 -0.0071 0.0087 -0.0022 0.0038 0.0068 -0.0013 0.0052 0.0085 0.0001 -0.0026 0.0054 0.0070 0.0029 
dot 15 0.0059 0.0069 0.0017 -0.0098 0.0089 -0.0002 -0.0046 0.0046 0.0091 -0.0040 0.0022 0.0098 0.0092 -0.0020 -0.0051 0.0001 0.0081 0.0036 0.0094 0.0025 0.0038 0.0077 0.0019 0.0050 0.0034 0.0089 0.0063 -0.0026 0.0089 -0.0013 -0.0041 0.0106 -0.0030 0.0061 0.0037 -0.0045 0.0069 -0.0043 -0.0013 -0.0015 
dot 15 0.0036 0.0057 -0.0020 0.0120 0.0029 0.0024 -0.0116 0.0020 -0.0021 -0.0007 0.0007 0.0082 0.0051 0.0091 -0.0118 0.0013 0.0082 -0.0079 0.0091 -0.0025 
clear
gstate $g
if {[check_session]} return
translate 0 90
scale 0.03
text 15 0 0 {META RECORDED DIRECTIONAL }
text 15 0 -100 TARGET=-1
text 15 0 -200 BEST=6.963E-06
text 15 0 -300 GENERATION=24
text 15 0 -500 PARENTS=-9266128936674546510708803659540666989570440318463045266854634092789923316019634195319186364987354661410697604753167801167177259691798259274535313963828899395054512892298208739898816592182784001477532694415068917387837429455519744.00
gstate $h
dot 15 0.0011 -0.0001 0.0026 0.0005 0.0022 0.0002 0.0017 0.0014 0.0012 0.0005 0.0022 0.0017 0.0031 0.0006 0.0006 -0.0003 -0.0017 0.0001 0.0029 -0.0006 -0.0002 -0.0006 0.0027 -0.0019 0.0015 -0.0034 -0.0014 -0.0009 0.0005 -0.0037 0.0025 -0.0008 0.0027 0.0010 0.0024 -0.0021 -0.0025 -0.0001 0.0026 -0.0016 
dot 15 -0.0025 -0.0006 -0.0012 0.0011 0.0043 0.0009 0.0021 0.0024 0.0032 0.0019 0.0016 -0.0047 0.0020 0.0026 0.0010 0.0046 -0.0013 0.0006 0.0041 -0.0028 -0.0030 -0.0013 0.0006 -0.0033 0.0010 0.0030 0.0056 0.0013 0.0039 -0.0042 0.0022 -0.0024 0.0053 0.0026 0.0041 -0.0027 -0.0003 -0.0054 0.0052 -0.0042 
dot 15 -0.0025 0.0012 0.0001 0.0041 -0.0015 0.0066 0.0050 -0.0019 0.0046 -0.0022 0.0070 -0.0004 0.0009 -0.0005 0.0037 -0.0031 0.0007 -0.0049 -0.0044 -0.0023 -0.0004 -0.0018 0.0064 -0.0030 0.0034 -0.0033 0.0069 0.0015 0.0040 0.0052 0.0069 0.0005 0.0051 -0.0039 0.0068 0.0015 -0.0007 0.0047 0.0065 -0.0004 
dot 15 -0.0012 0.0057 0.0037 -0.0031 -0.0060 -0.0002 0.0061 0.0031 0.0019 -0.0031 -0.0065 -0.0004 0.0030 -0.0015 0.0075 0.0005 0.0018 -0.0015 0.0059 -0.0034 
clear
gstate $g
if {[check_session]} return
translate 0 90
scale 0.03
text 15 0 0 {META RECORDED DIRECTIONAL }
text 15 0 -100 TARGET=-1
text 15 0 -200 BEST=1.072E-06
text 15 0 -300 GENERATION=25
text 15 0 -500 PARENTS=-9266128936674546510708803659540666989570440318463045266854634092789923316019634195319186364987354661410697604753167801167177259691798259274535313963828899395054512892298208739898816592182784001477532694415068917387837429455519744.00
gstate $h
dot 15 0.0007 0.0001 0.0019 -0.0010 -0.0010 0.0017 0.0018 -0.0005 0.0004 -0.0002 -0.0001 0.0019 0.0023 -0.0007 0.0011 -0.0001 0.0003 0.0014 0.0024 0.0003 0.0016 -0.0016 0.0020 0.0004 0.0026 0.0005 0.0022 0.0002 0.0027 -0.0007 0.0026 0.0012 0.0017 0.0014 0.0025 -0.0016 0.0025 0.0007 0.0023 0.0006 
dot 15 0.0012 -0.0001 0.0012 0.0005 0.0022 0.0017 0.0031 0.0006 0.0004 0.0004 0.0033 0.0004 0.0006 -0.0003 -0.0009 -0.0013 0.0004 -0.0015 -0.0017 0.0001 -0.0001 0.0004 0.0038 0.0003 -0.0020 0.0028 0.0031 -0.0003 0.0036 -0.0007 0.0029 -0.0006 -0.0002 -0.0016 -0.0002 -0.0006 0.0018 0.0017 0.0027 -0.0019 
dot 15 0.0039 0.0008 -0.0014 0.0006 -0.0018 0.0010 -0.0003 -0.0006 0.0015 -0.0034 -0.0009 -0.0012 0.0022 0.0018 0.0026 -0.0022 0.0038 -0.0015 -0.0010 -0.0012 -0.0002 -0.0018 -0.0021 -0.0004 -0.0014 -0.0009 -0.0008 -0.0005 0.0037 0.0020 -0.0017 -0.0000 -0.0025 0.0014 0.0023 -0.0023 0.0005 -0.0037 0.0039 -0.0016 
dot 15 -0.0029 0.0020 0.0022 -0.0023 -0.0016 -0.0008 0.0025 -0.0008 0.0046 0.0007 0.0005 -0.0029 -0.0002 0.0039 0.0034 -0.0028 0.0002 0.0009 0.0027 -0.0016 
clear
gstate $g
if {[check_session]} return
translate 0 90
scale 0.03
text 15 0 0 {META RECORDED DIRECTIONAL }
text 15 0 -100 TARGET=-1
text 15 0 -200 BEST=1.072E-06
text 15 0 -300 GENERATION=26
text 15 0 -500 PARENTS=-9266128936674546510708803659540666989570440318463045266854634092789923316019634195319186364987354661410697604753167801167177259691798259274535313963828899395054512892298208739898816592182784001477532694415068917387837429455519744.00
gstate $h
dot 15 0.0007 0.0001 0.0006 -0.0003 0.0012 -0.0002 -0.0013 0.0006 0.0001 0.0011 0.0019 -0.0010 -0.0010 0.0017 0.0022 0.0009 0.0018 -0.0005 0.0004 -0.0002 0.0023 -0.0011 0.0016 -0.0007 0.0012 -0.0014 -0.0001 0.0019 0.0023 -0.0007 0.0011 -0.0001 0.0003 0.0014 0.0024 0.0006 -0.0004 -0.0008 0.0007 0.0016 
dot 15 0.0000 0.0012 0.0027 -0.0003 0.0024 0.0003 0.0020 0.0005 0.0016 -0.0016 0.0025 -0.0008 0.0020 0.0004 0.0020 0.0004 0.0022 0.0005 0.0026 0.0005 0.0022 0.0002 0.0018 0.0005 0.0026 0.0004 -0.0005 0.0009 0.0027 -0.0007 0.0027 0.0003 0.0019 0.0004 0.0026 0.0012 0.0016 0.0006 -0.0007 0.0007 
dot 15 0.0017 0.0014 0.0029 0.0003 0.0025 -0.0016 0.0025 0.0007 0.0017 0.0005 0.0023 0.0006 0.0014 0.0005 0.0026 0.0008 0.0024 -0.0019 0.0015 0.0028 -0.0010 0.0003 0.0031 -0.0005 0.0032 0.0002 0.0018 -0.0002 0.0033 -0.0003 0.0028 0.0014 0.0033 0.0004 -0.0012 -0.0007 0.0021 0.0024 0.0033 -0.0003 
dot 15 0.0032 0.0006 0.0024 -0.0024 0.0028 -0.0021 0.0028 -0.0022 0.0021 0.0001 -0.0028 0.0017 -0.0013 0.0005 0.0035 0.0008 0.0035 0.0008 0.0035 -0.0012 
clear
gstate $g
if {[check_session]} return
translate 0 90
scale 0.03
text 15 0 0 {META RECORDED DIRECTIONAL }
text 15 0 -100 TARGET=-1
text 15 0 -200 BEST=8.764E-07
text 15 0 -300 GENERATION=27
text 15 0 -500 PARENTS=-9266128936674546510708803659540666989570440318463045266854634092789923316019634195319186364987354661410697604753167801167177259691798259274535313963828899395054512892298208739898816592182784001477532694415068917387837429455519744.00
gstate $h
dot 15 -0.0002 0.0009 0.0007 0.0001 0.0002 -0.0004 0.0006 -0.0003 0.0012 -0.0002 -0.0001 0.0013 0.0008 0.0003 -0.0013 0.0006 -0.0006 -0.0011 -0.0000 -0.0008 0.0015 0.0004 0.0013 0.0010 0.0002 0.0018 -0.0017 0.0001 0.0018 0.0010 0.0016 -0.0006 0.0001 0.0011 0.0019 -0.0010 0.0002 0.0004 0.0020 -0.0008 
dot 15 -0.0016 0.0011 0.0021 -0.0009 0.0008 0.0013 0.0002 -0.0010 0.0021 -0.0002 -0.0010 0.0017 0.0002 -0.0013 -0.0002 0.0015 0.0011 -0.0013 0.0018 -0.0009 -0.0003 0.0024 0.0017 0.0008 0.0004 -0.0007 0.0022 0.0009 -0.0009 -0.0023 0.0019 0.0015 -0.0004 -0.0005 0.0024 0.0008 0.0019 0.0012 0.0008 -0.0015 
dot 15 0.0018 -0.0005 0.0008 0.0014 0.0024 0.0006 0.0004 -0.0002 0.0022 0.0013 0.0023 -0.0011 0.0011 -0.0010 0.0016 -0.0007 0.0012 -0.0014 0.0009 -0.0014 -0.0001 0.0019 0.0023 -0.0009 0.0023 -0.0007 0.0011 -0.0001 0.0019 0.0017 0.0003 0.0014 0.0021 0.0013 0.0021 -0.0008 0.0024 0.0006 -0.0004 -0.0008 
dot 15 0.0007 0.0016 0.0007 0.0016 0.0005 0.0004 0.0013 0.0016 0.0024 0.0004 0.0008 0.0016 0.0020 0.0011 0.0012 0.0019 -0.0010 -0.0011 0.0003 0.0027 
clear
gstate $g
if {[check_session]} return
translate 0 90
scale 0.03
text 15 0 0 {META RECORDED DIRECTIONAL }
text 15 0 -100 TARGET=-1
text 15 0 -200 BEST=5.491E-07
text 15 0 -300 GENERATION=28
text 15 0 -500 PARENTS=-9266128936674546510708803659540666989570440318463045266854634092789923316019634195319186364987354661410697604753167801167177259691798259274535313963828899395054512892298208739898816592182784001477532694415068917387837429455519744.00
gstate $h
dot 15 0.0004 -0.0000 -0.0003 -0.0005 0.0003 -0.0007 -0.0002 0.0009 -0.0002 0.0007 -0.0006 0.0001 0.0007 0.0001 0.0003 0.0003 0.0008 0.0007 0.0002 -0.0004 -0.0009 -0.0000 0.0006 -0.0003 0.0012 -0.0002 0.0008 0.0006 -0.0007 0.0011 -0.0001 0.0013 0.0008 0.0003 -0.0013 0.0006 -0.0010 0.0000 -0.0006 -0.0011 
dot 15 -0.0000 -0.0008 0.0010 0.0011 0.0003 0.0007 0.0013 0.0011 0.0015 0.0004 0.0013 0.0010 0.0016 0.0007 -0.0010 0.0001 0.0002 -0.0000 0.0008 -0.0010 0.0002 0.0018 -0.0004 -0.0002 -0.0017 0.0001 -0.0004 0.0017 0.0017 0.0000 0.0011 0.0013 0.0009 0.0014 0.0010 0.0014 0.0013 0.0013 0.0006 -0.0006 
dot 15 0.0007 0.0015 0.0011 0.0012 0.0015 -0.0013 0.0018 0.0010 -0.0008 0.0012 0.0010 0.0005 0.0001 -0.0004 0.0016 -0.0006 0.0019 -0.0001 0.0008 0.0004 0.0001 0.0011 0.0019 -0.0010 0.0008 0.0015 0.0008 0.0006 -0.0002 -0.0022 -0.0001 0.0017 0.0002 0.0004 0.0020 -0.0008 0.0012 -0.0019 -0.0019 0.0009 
dot 15 0.0020 -0.0011 0.0003 0.0015 -0.0005 -0.0015 0.0010 -0.0002 -0.0006 0.0019 0.0000 0.0023 0.0001 0.0010 0.0011 -0.0010 -0.0007 0.0009 -0.0002 -0.0000 
clear
gstate $g
if {[check_session]} return
translate 0 90
scale 0.03
text 15 0 0 {META RECORDED DIRECTIONAL }
text 15 0 -100 TARGET=-1
text 15 0 -200 BEST=1.986E-07
text 15 0 -300 GENERATION=29
text 15 0 -500 PARENTS=-9266128936674546510708803659540666989570440318463045266854634092789923316019634195319186364987354661410697604753167801167177259691798259274535313963828899395054512892298208739898816592182784001477532694415068917387837429455519744.00
gstate $h
dot 15 -0.0003 0.0000 -0.0000 0.0006 0.0005 0.0002 -0.0004 0.0003 0.0004 -0.0000 0.0004 0.0001 0.0005 -0.0002 0.0003 -0.0001 -0.0001 0.0008 -0.0003 -0.0005 0.0003 -0.0007 -0.0002 0.0009 -0.0002 0.0007 -0.0006 0.0001 0.0007 0.0001 0.0003 -0.0007 0.0008 0.0001 -0.0005 0.0005 0.0003 0.0003 0.0008 -0.0005 
dot 15 0.0008 0.0007 0.0004 0.0009 -0.0005 0.0010 0.0011 0.0002 0.0006 -0.0004 0.0011 -0.0002 -0.0006 0.0002 -0.0005 0.0000 -0.0003 0.0007 -0.0003 0.0008 0.0002 -0.0004 0.0009 0.0004 -0.0009 -0.0000 0.0006 -0.0003 0.0012 -0.0002 0.0008 0.0006 0.0011 -0.0006 -0.0011 0.0008 -0.0007 0.0011 0.0008 0.0007 
dot 15 0.0013 0.0003 -0.0003 0.0012 -0.0011 0.0002 -0.0001 0.0013 0.0005 -0.0005 0.0010 0.0001 0.0008 0.0003 0.0009 -0.0003 -0.0006 0.0001 -0.0013 0.0006 -0.0009 0.0011 -0.0010 -0.0008 -0.0008 -0.0001 -0.0010 0.0000 0.0014 -0.0001 0.0015 0.0000 -0.0006 -0.0011 0.0010 -0.0011 -0.0007 0.0013 -0.0007 0.0014 
dot 15 0.0006 0.0009 -0.0008 -0.0011 -0.0013 0.0009 -0.0004 0.0010 -0.0013 0.0010 0.0008 0.0007 0.0014 -0.0004 0.0017 -0.0001 -0.0014 0.0009 0.0006 0.0011 
clear
gstate $g
if {[check_session]} return
translate 0 90
scale 0.03
text 15 0 0 {META RECORDED DIRECTIONAL }
text 15 0 -100 TARGET=-1
text 15 0 -200 BEST=1.259E-07
text 15 0 -300 GENERATION=30
text 15 0 -500 PARENTS=-9266128936674546510708803659540666989570440318463045266854634092789923316019634195319186364987354661410697604753167801167177259691798259274535313963828899395054512892298208739898816592182784001477532694415068917387837429455519744.00
gstate $h
dot 15 0.0001 -0.0002 0.0002 -0.0001 -0.0001 0.0004 -0.0003 0.0000 -0.0001 0.0004 0.0003 0.0001 0.0002 -0.0000 -0.0002 0.0001 -0.0000 0.0006 0.0005 0.0002 0.0004 0.0002 -0.0004 0.0003 0.0003 0.0004 0.0006 0.0003 0.0001 0.0007 0.0004 0.0000 0.0002 0.0002 0.0004 -0.0000 0.0004 0.0001 0.0005 0.0001 
dot 15 0.0004 -0.0001 -0.0004 0.0006 0.0005 -0.0002 -0.0000 0.0007 -0.0004 0.0007 0.0005 0.0003 -0.0002 0.0005 0.0001 -0.0003 0.0005 0.0002 0.0008 0.0001 0.0006 -0.0001 0.0004 -0.0001 0.0006 -0.0005 0.0004 0.0003 0.0005 0.0006 0.0005 0.0002 0.0003 -0.0001 -0.0005 0.0007 0.0004 -0.0003 0.0004 -0.0007 
dot 15 -0.0001 0.0008 -0.0003 -0.0005 -0.0001 -0.0006 0.0002 0.0003 0.0003 -0.0004 0.0008 -0.0000 0.0004 0.0006 0.0003 -0.0007 -0.0002 0.0009 -0.0001 0.0007 -0.0003 0.0007 0.0006 0.0002 -0.0002 0.0007 0.0007 -0.0006 0.0007 0.0002 0.0006 0.0008 -0.0006 0.0001 0.0007 0.0001 0.0003 -0.0007 -0.0003 0.0006 
dot 15 -0.0010 0.0001 0.0008 0.0001 0.0001 0.0006 -0.0005 0.0005 -0.0003 0.0002 0.0003 0.0003 0.0001 -0.0007 0.0008 -0.0005 -0.0001 0.0004 -0.0006 -0.0001 
clear
gstate $g
if {[check_session]} return
translate 0 90
scale 0.03
text 15 0 0 {META RECORDED DIRECTIONAL }
text 15 0 -100 TARGET=-1
text 15 0 -200 BEST=1.22E-07
text 15 0 -300 GENERATION=31
text 15 0 -500 PARENTS=-9266128936674546510708803659540666989570440318463045266854634092789923316019634195319186364987354661410697604753167801167177259691798259274535313963828899395054512892298208739898816592182784001477532694415068917387837429455519744.00
gstate $h
dot 15 -0.0000 -0.0003 -0.0003 -0.0002 0.0001 -0.0002 0.0002 -0.0001 0.0002 0.0001 -0.0001 0.0004 -0.0001 0.0002 -0.0003 0.0000 0.0005 0.0000 -0.0001 0.0004 0.0004 -0.0000 0.0003 0.0003 0.0002 -0.0003 0.0003 0.0001 0.0001 -0.0003 0.0002 -0.0000 0.0001 0.0004 0.0003 0.0002 -0.0002 0.0001 0.0003 0.0000 
dot 15 -0.0000 0.0006 0.0005 0.0002 0.0004 0.0002 0.0005 0.0002 0.0001 0.0004 0.0003 0.0000 0.0001 -0.0001 0.0001 0.0004 0.0002 0.0003 0.0005 0.0004 -0.0004 0.0003 -0.0004 -0.0003 0.0000 0.0002 -0.0004 -0.0004 0.0005 0.0004 0.0003 0.0004 0.0004 -0.0000 0.0005 -0.0003 0.0005 -0.0003 0.0006 0.0003 
dot 15 0.0002 0.0002 0.0004 0.0001 0.0003 -0.0003 -0.0000 -0.0004 -0.0002 0.0000 0.0003 -0.0000 0.0001 0.0007 0.0006 0.0004 0.0004 0.0000 0.0002 0.0002 0.0001 0.0005 0.0004 -0.0000 0.0002 0.0007 -0.0001 0.0006 0.0001 0.0007 0.0004 0.0001 0.0006 0.0001 -0.0001 0.0007 0.0007 -0.0001 0.0004 0.0001 
dot 15 0.0002 0.0002 0.0006 0.0004 0.0005 0.0001 0.0006 0.0001 0.0007 0.0004 0.0000 0.0003 0.0006 0.0001 -0.0001 0.0006 0.0006 -0.0006 0.0006 0.0001 
clear
gstate $g
if {[check_session]} return
translate 0 90
scale 0.03
text 15 0 0 {META RECORDED DIRECTIONAL }
text 15 0 -100 TARGET=-1
text 15 0 -200 BEST=2.114E-09
text 15 0 -300 GENERATION=32
text 15 0 -500 PARENTS=-9266128936674546510708803659540666989570440318463045266854634092789923316019634195319186364987354661410697604753167801167177259691798259274535313963828899395054512892298208739898816592182784001477532694415068917387837429455519744.00
gstate $h
dot 15 0.0000 0.0000 0.0001 0.0000 0.0001 -0.0000 -0.0000 0.0002 0.0000 0.0001 -0.0002 0.0002 0.0000 -0.0001 0.0003 0.0000 0.0003 -0.0002 0.0003 -0.0002 -0.0000 -0.0003 -0.0003 -0.0002 0.0001 -0.0002 0.0002 -0.0001 -0.0002 -0.0002 -0.0001 -0.0002 0.0002 0.0001 0.0001 0.0002 -0.0001 0.0004 -0.0001 0.0002 
dot 15 0.0004 0.0001 0.0002 0.0003 0.0004 0.0001 -0.0003 0.0000 0.0000 0.0002 0.0005 0.0000 -0.0001 0.0004 0.0004 -0.0000 0.0003 0.0003 0.0003 0.0000 0.0002 -0.0003 0.0003 0.0001 0.0001 -0.0003 0.0005 0.0000 0.0002 -0.0000 0.0004 0.0003 0.0001 0.0004 0.0003 0.0002 0.0005 -0.0001 0.0005 -0.0001 
dot 15 0.0001 0.0004 0.0001 -0.0003 0.0001 -0.0004 0.0005 -0.0000 -0.0002 0.0001 0.0004 -0.0000 0.0004 -0.0003 0.0005 -0.0001 -0.0005 0.0001 0.0001 0.0005 0.0005 0.0002 0.0003 0.0000 -0.0001 0.0001 0.0005 -0.0002 0.0001 0.0004 0.0006 -0.0000 0.0004 0.0004 0.0004 0.0003 0.0004 0.0001 0.0002 0.0000 
dot 15 0.0004 0.0002 0.0006 -0.0000 0.0003 0.0005 0.0006 -0.0002 0.0006 -0.0002 0.0001 -0.0006 -0.0001 -0.0004 0.0006 -0.0001 0.0005 0.0001 0.0004 -0.0001 
clear
gstate $g
if {[check_session]} return
translate 0 90
scale 0.03
text 15 0 0 {META RECORDED DIRECTIONAL }
text 15 0 -100 TARGET=-1
text 15 0 -200 BEST=2.114E-09
text 15 0 -300 GENERATION=33
text 15 0 -500 PARENTS=-9266128936674546510708803659540666989570440318463045266854634092789923316019634195319186364987354661410697604753167801167177259691798259274535313963828899395054512892298208739898816592182784001477532694415068917387837429455519744.00
gstate $h
dot 15 0.0000 0.0000 0.0000 0.0000 0.0001 0.0000 0.0001 0.0000 -0.0001 0.0000 0.0001 0.0001 0.0001 0.0001 -0.0000 0.0002 0.0001 0.0001 0.0002 -0.0000 -0.0002 0.0000 0.0001 -0.0002 -0.0001 -0.0002 -0.0001 -0.0002 0.0001 -0.0000 0.0000 -0.0000 0.0001 -0.0000 -0.0000 0.0002 -0.0000 0.0002 -0.0001 -0.0002 
dot 15 0.0000 0.0001 -0.0000 0.0001 -0.0002 0.0002 -0.0000 -0.0002 -0.0000 -0.0001 0.0000 -0.0001 0.0001 -0.0001 -0.0001 0.0001 0.0003 0.0000 -0.0002 0.0002 0.0003 -0.0002 -0.0003 -0.0002 0.0001 -0.0003 0.0003 -0.0002 -0.0000 -0.0003 -0.0000 -0.0001 -0.0003 -0.0002 0.0002 -0.0001 0.0001 -0.0002 0.0002 -0.0001 
dot 15 -0.0001 0.0001 -0.0002 -0.0002 -0.0001 -0.0002 0.0002 0.0001 0.0001 0.0002 -0.0001 0.0002 -0.0002 -0.0003 -0.0002 -0.0001 -0.0001 0.0004 -0.0001 0.0003 0.0001 0.0001 -0.0002 0.0003 -0.0001 0.0004 -0.0001 0.0002 -0.0001 0.0004 -0.0000 -0.0004 0.0003 0.0000 0.0002 -0.0004 -0.0003 -0.0000 -0.0003 -0.0002 
dot 15 -0.0002 0.0004 -0.0001 -0.0000 -0.0004 0.0000 -0.0004 0.0000 -0.0002 0.0005 0.0005 -0.0000 -0.0002 0.0005 -0.0002 -0.0002 -0.0005 0.0000 -0.0003 0.0004 
clear
gstate $g
if {[check_session]} return
translate 0 90
scale 0.03
text 15 0 0 {META RECORDED DIRECTIONAL }
text 15 0 -100 TARGET=-1
text 15 0 -200 BEST=6.112E-10
text 15 0 -300 GENERATION=34
text 15 0 -500 PARENTS=-9266128936674546510708803659540666989570440318463045266854634092789923316019634195319186364987354661410697604753167801167177259691798259274535313963828899395054512892298208739898816592182784001477532694415068917387837429455519744.00
gstate $h
dot 15 -0.0000 0.0000 0.0000 0.0000 0.0000 0.0000 -0.0000 -0.0000 0.0000 0.0000 -0.0001 -0.0000 0.0000 -0.0000 0.0001 -0.0000 0.0000 0.0001 0.0001 0.0000 0.0001 0.0000 0.0001 -0.0000 -0.0001 0.0000 -0.0000 0.0001 -0.0001 0.0001 -0.0000 0.0001 0.0001 0.0001 0.0001 0.0001 0.0001 0.0001 0.0001 0.0001 
dot 15 0.0001 0.0000 0.0000 0.0001 0.0001 -0.0001 0.0001 -0.0002 -0.0001 0.0000 -0.0000 0.0002 0.0001 0.0001 0.0001 0.0000 0.0001 0.0001 0.0002 -0.0000 0.0001 0.0001 0.0001 0.0001 0.0002 -0.0000 0.0001 0.0000 0.0001 -0.0001 0.0002 -0.0000 0.0000 0.0001 0.0002 0.0001 -0.0002 0.0000 0.0001 -0.0002 
dot 15 -0.0001 -0.0002 0.0001 -0.0002 -0.0000 0.0001 0.0002 -0.0001 -0.0001 -0.0002 0.0002 -0.0001 0.0001 0.0002 0.0001 0.0001 -0.0000 -0.0002 -0.0000 -0.0002 0.0002 0.0000 -0.0001 -0.0002 0.0000 0.0002 0.0002 -0.0001 -0.0000 -0.0002 -0.0001 -0.0002 -0.0000 -0.0002 0.0002 -0.0000 0.0001 0.0001 0.0001 0.0000 
dot 15 -0.0000 0.0002 0.0001 -0.0002 0.0001 -0.0000 0.0001 -0.0002 0.0002 -0.0000 0.0003 -0.0000 0.0000 -0.0002 0.0001 0.0001 0.0000 -0.0000 0.0001 -0.0000 
clear
gstate $g
if {[check_session]} return
translate 0 90
scale 0.03
text 15 0 0 {META RECORDED DIRECTIONAL }
text 15 0 -100 TARGET=-1
text 15 0 -200 BEST=6.112E-10
text 15 0 -300 GENERATION=35
text 15 0 -500 PARENTS=-9266128936674546510708803659540666989570440318463045266854634092789923316019634195319186364987354661410697604753167801167177259691798259274535313963828899395054512892298208739898816592182784001477532694415068917387837429455519744.00
gstate $h
dot 15 -0.0000 0.0000 -0.0000 -0.0000 0.0000 0.0000 0.0000 0.0000 -0.0000 0.0000 0.0000 0.0000 0.0000 0.0000 0.0000 0.0000 -0.0000 0.0000 0.0000 0.0000 -0.0000 -0.0001 -0.0001 0.0000 0.0000 0.0001 -0.0000 -0.0000 -0.0001 0.0000 0.0000 0.0000 -0.0000 0.0000 -0.0001 -0.0000 0.0001 -0.0000 0.0000 -0.0000 
dot 15 0.0000 -0.0001 0.0000 -0.0001 0.0000 -0.0001 0.0001 -0.0000 -0.0000 -0.0001 -0.0000 0.0001 0.0001 0.0000 0.0000 0.0001 -0.0000 -0.0001 -0.0001 0.0000 0.0001 0.0000 -0.0000 -0.0001 -0.0001 0.0001 -0.0001 0.0000 -0.0001 0.0001 0.0001 0.0000 0.0001 0.0000 -0.0000 -0.0001 0.0000 0.0000 0.0001 -0.0000 
dot 15 0.0000 0.0000 -0.0000 -0.0001 -0.0000 -0.0000 -0.0001 -0.0000 0.0001 -0.0000 -0.0001 -0.0001 0.0001 -0.0000 -0.0001 0.0000 -0.0000 0.0001 -0.0001 -0.0000 -0.0001 0.0000 0.0000 -0.0000 -0.0000 0.0001 -0.0000 0.0001 -0.0001 -0.0000 -0.0001 -0.0000 -0.0000 0.0001 -0.0001 0.0001 -0.0000 0.0001 0.0001 0.0001 
dot 15 0.0001 0.0001 0.0001 0.0000 0.0001 0.0001 0.0001 0.0000 0.0001 0.0001 0.0001 0.0000 0.0001 0.0001 0.0001 0.0000 0.0001 0.0001 0.0001 0.0001 
clear
gstate $g
if {[check_session]} return
translate 0 90
scale 0.03
text 15 0 0 {META RECORDED DIRECTIONAL }
text 15 0 -100 TARGET=-1
text 15 0 -200 BEST=3.056E-10
text 15 0 -300 GENERATION=36
text 15 0 -500 PARENTS=-9266128936674546510708803659540666989570440318463045266854634092789923316019634195319186364987354661410697604753167801167177259691798259274535313963828899395054512892298208739898816592182784001477532694415068917387837429455519744.00
gstate $h
dot 15 -0.0000 -0.0000 -0.0000 -0.0000 -0.0000 0.0000 -0.0000 0.0000 -0.0000 0.0000 -0.0000 0.0000 0.0000 0.0000 -0.0000 -0.0000 -0.0000 0.0000 0.0000 0.0000 0.0000 0.0000 0.0000 0.0000 0.0000 0.0000 0.0000 0.0000 -0.0000 0.0000 0.0000 -0.0000 -0.0000 0.0000 0.0000 0.0000 0.0000 -0.0000 0.0000 0.0000 
dot 15 0.0000 0.0000 -0.0000 -0.0000 0.0000 0.0000 0.0000 0.0000 -0.0000 0.0000 -0.0000 -0.0000 0.0000 0.0000 -0.0001 -0.0000 -0.0000 -0.0001 -0.0001 0.0000 -0.0000 -0.0000 -0.0000 -0.0000 0.0000 0.0001 -0.0000 -0.0000 0.0000 0.0001 -0.0000 -0.0000 0.0000 0.0000 0.0000 0.0001 -0.0000 -0.0000 -0.0001 -0.0000 
dot 15 -0.0001 0.0000 -0.0001 -0.0000 -0.0000 -0.0000 -0.0001 0.0000 0.0000 0.0000 0.0001 -0.0000 -0.0000 0.0000 -0.0001 0.0000 0.0001 -0.0000 -0.0000 -0.0000 -0.0001 -0.0000 0.0001 -0.0000 0.0001 0.0000 0.0000 -0.0000 0.0000 -0.0000 -0.0000 -0.0000 0.0001 0.0001 -0.0000 0.0001 0.0001 -0.0000 -0.0000 -0.0000 
dot 15 0.0001 0.0000 0.0001 0.0001 0.0001 0.0001 -0.0000 -0.0000 0.0001 0.0000 0.0000 0.0001 0.0000 -0.0000 -0.0001 0.0000 -0.0001 -0.0000 0.0001 0.0001 
gstate $g
if {[check_session]} return
