notice "Bohachevsky function, uniform start" 
set g [gstate]
scale 50.000 50.000
translate 1.000 1.000
set h [gstate]
clear
gstate $g
check_session
translate 0 90
scale 0.03
text 15 0 0 {META RECORDED DIRECTIONAL }
text 15 0 -100 TARGET=-1
text 15 0 -200 BEST=0.01576
text 15 0 -300 GENERATION=0
text 15 0 -500 PARENTS=-9266128936674546510708803659540666989570440318463045266854634092789923316019634195319186364987354661410697604753167801167177259691798259274535313963828899395054512892298208739898816592182784001477532694415068917387837429455519744.00
gstate $h
dot 15 0.0000 -0.0217 -0.0193 0.0759 0.1568 0.0081 -0.0719 0.0993 -0.0144 -0.1173 -0.0033 0.1282 -0.2074 0.0373 -0.2314 0.0224 -0.5370 0.0571 0.7277 0.0265 0.2679 -0.0061 0.0554 0.5280 0.2872 0.0015 0.0054 0.1675 0.2492 -0.0597 0.0519 -0.5449 -0.4090 0.0055 0.4429 0.0376 0.2617 0.0619 -0.1402 0.4958 
dot 15 0.4419 0.0578 -0.7162 -0.0908 -0.3779 0.0537 0.0783 -0.3621 -0.7961 -0.0017 -0.5390 0.1145 0.1769 0.4393 0.2556 -0.0968 0.2647 -0.0932 0.3436 0.0700 -0.1683 0.5195 -0.0376 -0.3159 0.2028 -0.1307 -0.0394 -0.3096 0.1879 -0.4296 -0.5761 0.5014 -0.5605 -0.5041 -0.5864 -0.4121 0.5476 0.5173 0.5943 0.1550 
dot 15 0.7402 0.1195 -0.5536 0.4086 -0.7002 0.5184 0.4917 0.4402 -0.4480 -0.1231 -0.2506 0.4425 -0.2684 -0.4715 0.2260 0.5292 0.5167 0.5268 0.6995 -0.3973 0.5097 0.5312 -0.5810 0.5560 -0.4651 -0.1441 -0.2572 -0.5240 0.3282 -0.1303 -0.5858 -0.1873 0.2478 0.5368 0.8557 0.0565 -0.6090 -0.3451 -0.3433 -0.4963 
dot 15 -0.4341 -0.5209 -0.2904 0.1485 0.7606 -0.5145 0.7457 -0.4015 0.3532 0.1446 -0.3467 -0.4178 0.2084 -0.3380 -0.4209 0.5314 0.1950 -0.3200 -0.7797 -0.1418 
clear
gstate $g
check_session
translate 0 90
scale 0.03
text 15 0 0 {META RECORDED DIRECTIONAL }
text 15 0 -100 TARGET=-1
text 15 0 -200 BEST=0.01576
text 15 0 -300 GENERATION=1
text 15 0 -500 PARENTS=-9266128936674546510708803659540666989570440318463045266854634092789923316019634195319186364987354661410697604753167801167177259691798259274535313963828899395054512892298208739898816592182784001477532694415068917387837429455519744.00
gstate $h
dot 15 0.0000 -0.0217 -0.0510 0.0008 -0.0479 -0.0154 0.0649 0.0470 0.0106 -0.0666 -0.1031 -0.0196 0.1042 -0.0227 -0.0930 -0.0421 -0.1154 -0.0108 -0.1193 0.0010 -0.0193 0.0759 -0.0578 -0.0789 0.0783 -0.0716 -0.0433 0.0879 0.1568 0.0081 -0.0719 0.0993 0.1669 -0.0357 -0.0144 -0.1173 -0.1911 -0.0170 -0.0033 0.1282 
dot 15 -0.2055 0.0192 -0.1866 0.0579 -0.5429 -0.0268 -0.2074 0.0373 -0.5142 -0.0094 -0.5295 0.0328 0.6959 0.0355 -0.2314 0.0224 -0.0649 0.1410 -0.4847 0.0085 -0.0017 0.4044 -0.0384 -0.5226 -0.5370 0.0571 0.7277 0.0265 -0.1022 -0.1313 0.0366 0.4028 0.2679 -0.0061 0.2528 0.0353 0.5887 0.0804 0.0554 0.5280 
dot 15 0.5960 0.0845 -0.2706 -0.0230 0.0974 -0.1400 0.2872 0.0015 -0.2089 0.0796 0.2160 -0.0753 0.0054 0.1675 0.2793 0.0292 0.0308 -0.1668 -0.4281 0.0056 0.2323 0.0701 0.2492 -0.0597 0.3088 0.0051 0.0519 -0.5449 -0.4090 0.0055 0.4429 0.0376 -0.0983 0.1522 0.2617 0.0619 -0.1170 -0.5199 -0.1402 0.4958 
dot 15 0.0025 -0.1850 0.3663 0.0350 0.1501 0.4931 0.0291 -0.3538 0.2694 0.0694 0.3119 -0.0519 -0.1510 0.4355 0.1348 -0.5213 0.1246 0.4012 0.0162 0.1999 
clear
gstate $g
check_session
translate 0 90
scale 0.03
text 15 0 0 {META RECORDED DIRECTIONAL }
text 15 0 -100 TARGET=-1
text 15 0 -200 BEST=0.01576
text 15 0 -300 GENERATION=2
text 15 0 -500 PARENTS=-9266128936674546510708803659540666989570440318463045266854634092789923316019634195319186364987354661410697604753167801167177259691798259274535313963828899395054512892298208739898816592182784001477532694415068917387837429455519744.00
gstate $h
dot 15 0.0000 -0.0217 -0.0510 0.0008 -0.0479 -0.0154 0.0173 -0.0348 0.0437 -0.0342 -0.0702 0.0154 0.0755 0.0135 0.0639 0.0332 0.0329 -0.0594 0.0649 0.0470 0.0106 -0.0666 0.0881 0.0344 -0.1031 -0.0196 -0.0014 -0.0703 -0.0893 -0.0393 0.1042 -0.0227 0.0072 -0.0742 -0.0930 -0.0421 -0.1154 -0.0108 -0.1193 0.0010 
dot 15 -0.0193 0.0759 0.0245 -0.0839 -0.0578 -0.0789 0.0783 -0.0716 -0.1179 0.0471 -0.1373 0.0241 -0.0433 0.0879 -0.0323 0.0916 -0.1461 0.0154 0.1264 0.0454 0.1568 0.0081 -0.0363 -0.0977 0.1485 -0.0376 0.1628 0.0085 -0.1610 -0.0255 0.1687 0.0072 -0.0719 0.0993 0.1669 -0.0357 -0.0144 -0.1173 0.0059 0.1178 
dot 15 -0.1275 0.0808 -0.1911 -0.0170 -0.1894 -0.0244 0.0502 -0.1187 -0.0033 0.1282 -0.0360 0.4704 -0.0780 -0.1212 0.1707 -0.0721 -0.2001 -0.0479 0.2213 0.0210 0.1553 0.0854 -0.0875 -0.1271 -0.1524 -0.0942 -0.2409 0.0114 0.1845 -0.0760 -0.0933 -0.1280 0.2393 -0.0358 -0.0216 -0.1528 0.5878 -0.0740 -0.5824 0.0730 
dot 15 -0.0895 -0.4954 -0.2615 -0.0192 0.5069 0.0505 -0.0019 0.5388 0.0027 0.1633 -0.2663 -0.0344 0.2102 -0.0816 0.6098 -0.0929 0.4344 0.0227 0.6165 -0.0946 
clear
gstate $g
check_session
translate 0 90
scale 0.03
text 15 0 0 {META RECORDED DIRECTIONAL }
text 15 0 -100 TARGET=-1
text 15 0 -200 BEST=0.001347
text 15 0 -300 GENERATION=3
text 15 0 -500 PARENTS=-9266128936674546510708803659540666989570440318463045266854634092789923316019634195319186364987354661410697604753167801167177259691798259274535313963828899395054512892298208739898816592182784001477532694415068917387837429455519744.00
gstate $h
dot 15 0.0031 -0.0060 -0.0170 -0.0070 0.0212 -0.0058 0.0179 -0.0137 0.0000 -0.0217 0.0259 -0.0262 -0.0510 0.0008 -0.0479 -0.0154 0.0173 -0.0348 0.0253 -0.0381 0.0437 -0.0342 -0.0724 0.0020 -0.0702 0.0154 -0.0531 -0.0341 -0.0412 -0.0421 0.0755 0.0135 0.0639 0.0332 0.0333 -0.0554 -0.0769 0.0330 0.0776 0.0323 
dot 15 0.0536 -0.0494 0.0576 -0.0488 0.0222 -0.0605 -0.0116 0.0626 0.0329 -0.0594 0.0821 -0.0336 0.0649 0.0470 0.0827 -0.0336 0.0814 -0.0351 0.0899 -0.0315 0.0106 -0.0666 0.0881 0.0344 0.0497 -0.0594 0.0165 -0.0688 -0.1031 -0.0196 -0.0954 -0.0318 -0.0014 -0.0703 0.1000 -0.0264 -0.0893 -0.0393 0.1042 -0.0227 
dot 15 0.0072 -0.0742 -0.0930 -0.0421 -0.1154 -0.0108 -0.1193 0.0010 -0.0117 0.0825 -0.0301 -0.0821 -0.0523 -0.0791 0.0835 0.0667 -0.0338 -0.0856 0.1387 0.0139 0.1420 -0.0032 -0.0216 -0.0903 -0.1480 -0.0035 0.1208 0.0521 -0.1082 0.0630 0.1261 0.0531 -0.1145 -0.0634 -0.0337 -0.1001 0.1583 0.0217 -0.1421 -0.0473 
dot 15 -0.0996 -0.0788 -0.1330 -0.0564 0.0960 -0.0822 0.1594 -0.0350 -0.0451 -0.1048 0.1254 -0.0726 -0.1873 -0.0022 0.0240 -0.1171 -0.0516 0.1119 -0.1861 -0.0153 
clear
gstate $g
check_session
translate 0 90
scale 0.03
text 15 0 0 {META RECORDED DIRECTIONAL }
text 15 0 -100 TARGET=-1
text 15 0 -200 BEST=0.0005787
text 15 0 -300 GENERATION=4
text 15 0 -500 PARENTS=-9266128936674546510708803659540666989570440318463045266854634092789923316019634195319186364987354661410697604753167801167177259691798259274535313963828899395054512892298208739898816592182784001477532694415068917387837429455519744.00
gstate $h
dot 15 -0.0062 -0.0008 0.0031 -0.0060 0.0093 -0.0036 -0.0023 -0.0097 -0.0170 -0.0070 0.0212 -0.0058 0.0089 -0.0161 0.0179 -0.0137 -0.0287 0.0018 0.0256 0.0093 0.0261 0.0111 0.0243 0.0135 0.0000 -0.0217 -0.0304 0.0098 0.0165 -0.0197 0.0175 -0.0214 0.0307 -0.0161 0.0253 0.0201 0.0213 -0.0234 0.0081 0.0300 
dot 15 0.0313 0.0229 -0.0449 0.0095 0.0259 -0.0262 -0.0291 -0.0248 0.0284 0.0252 0.0135 -0.0307 -0.0445 0.0136 0.0428 -0.0165 -0.0510 0.0008 0.0232 0.0295 0.0289 0.0275 0.0425 -0.0206 -0.0479 -0.0154 0.0243 0.0313 0.0173 -0.0348 0.0336 0.0296 -0.0064 -0.0372 -0.0388 -0.0278 -0.0257 0.0342 -0.0570 0.0096 
dot 15 0.0347 -0.0310 0.0302 -0.0338 0.0281 -0.0346 -0.0233 -0.0365 0.0256 -0.0370 0.0291 0.0359 -0.0586 -0.0148 0.0573 -0.0181 0.0253 -0.0381 -0.0662 0.0073 0.0502 -0.0289 0.0072 0.0442 0.0437 -0.0342 0.0289 -0.0411 0.0163 0.0447 0.0199 -0.0445 -0.0724 0.0020 0.0528 -0.0329 -0.0702 0.0154 0.0520 -0.0340 
dot 15 -0.0531 -0.0341 -0.0412 -0.0421 0.0578 -0.0328 0.0755 0.0135 0.0639 0.0332 0.0542 0.0413 -0.0575 -0.0414 -0.0831 -0.0236 0.0333 -0.0554 -0.0769 0.0330 
clear
gstate $g
check_session
translate 0 90
scale 0.03
text 15 0 0 {META RECORDED DIRECTIONAL }
text 15 0 -100 TARGET=-1
text 15 0 -200 BEST=8.479E-05
text 15 0 -300 GENERATION=5
text 15 0 -500 PARENTS=-9266128936674546510708803659540666989570440318463045266854634092789923316019634195319186364987354661410697604753167801167177259691798259274535313963828899395054512892298208739898816592182784001477532694415068917387837429455519744.00
gstate $h
dot 15 0.0024 -0.0001 -0.0025 -0.0003 -0.0062 -0.0008 -0.0003 -0.0054 0.0031 -0.0060 0.0093 -0.0036 -0.0096 0.0036 -0.0101 -0.0054 -0.0132 -0.0013 -0.0023 -0.0097 0.0019 0.0098 0.0071 -0.0100 -0.0097 -0.0092 -0.0101 0.0094 -0.0034 0.0114 -0.0176 -0.0021 -0.0069 -0.0111 0.0178 -0.0053 0.0200 -0.0001 -0.0170 -0.0070 
dot 15 0.0191 0.0051 0.0040 0.0133 0.0209 0.0024 -0.0154 -0.0099 0.0071 -0.0134 -0.0210 0.0050 -0.0024 0.0147 0.0102 -0.0132 0.0212 -0.0058 0.0228 0.0025 -0.0202 0.0075 0.0214 -0.0064 0.0236 0.0009 0.0171 -0.0109 0.0197 -0.0096 0.0089 -0.0161 -0.0227 -0.0089 -0.0196 -0.0117 -0.0259 -0.0046 -0.0013 -0.0175 
dot 15 0.0220 0.0107 0.0179 -0.0137 -0.0137 -0.0157 0.0267 -0.0049 -0.0161 -0.0151 -0.0287 0.0018 0.0261 -0.0079 0.0278 -0.0056 0.0108 -0.0176 0.0256 0.0093 -0.0295 0.0048 0.0228 -0.0132 -0.0268 0.0095 0.0036 -0.0198 0.0196 0.0157 0.0261 0.0111 0.0311 -0.0025 0.0228 0.0140 -0.0302 0.0055 0.0243 0.0135 
dot 15 0.0315 -0.0043 0.0321 -0.0029 0.0000 -0.0217 -0.0304 0.0098 0.0175 0.0193 0.0165 -0.0197 -0.0349 0.0026 0.0344 -0.0049 0.0355 0.0005 0.0175 -0.0214 
clear
gstate $g
check_session
translate 0 90
scale 0.03
text 15 0 0 {META RECORDED DIRECTIONAL }
text 15 0 -100 TARGET=-1
text 15 0 -200 BEST=8.479E-05
text 15 0 -300 GENERATION=6
text 15 0 -500 PARENTS=-9266128936674546510708803659540666989570440318463045266854634092789923316019634195319186364987354661410697604753167801167177259691798259274535313963828899395054512892298208739898816592182784001477532694415068917387837429455519744.00
gstate $h
dot 15 0.0024 -0.0001 -0.0025 -0.0003 0.0001 -0.0017 0.0001 -0.0020 -0.0040 -0.0019 0.0049 -0.0011 -0.0062 -0.0008 0.0063 0.0018 -0.0063 -0.0018 -0.0073 -0.0001 -0.0046 0.0039 -0.0003 -0.0054 0.0013 -0.0057 0.0031 -0.0060 -0.0090 -0.0034 0.0051 0.0061 0.0093 -0.0036 -0.0087 0.0043 -0.0096 0.0036 0.0101 -0.0030 
dot 15 -0.0070 0.0059 -0.0063 0.0063 0.0042 0.0070 0.0017 -0.0079 -0.0122 -0.0006 -0.0002 -0.0082 0.0107 0.0045 -0.0081 0.0067 -0.0101 -0.0054 -0.0132 -0.0013 -0.0064 0.0086 0.0015 0.0095 -0.0102 0.0071 -0.0023 -0.0097 0.0019 0.0098 0.0043 0.0096 0.0099 -0.0084 -0.0092 -0.0091 0.0071 -0.0100 -0.0097 -0.0092 
dot 15 -0.0101 0.0094 -0.0034 0.0114 -0.0176 -0.0021 0.0170 0.0039 -0.0069 -0.0111 0.0185 0.0031 -0.0067 0.0118 0.0193 -0.0013 0.0178 -0.0053 -0.0171 0.0063 0.0200 -0.0001 -0.0170 -0.0070 -0.0072 -0.0123 -0.0138 0.0097 0.0205 -0.0011 0.0002 0.0135 -0.0166 -0.0081 0.0202 0.0030 0.0204 0.0026 0.0214 0.0004 
dot 15 0.0211 0.0035 0.0182 0.0090 -0.0157 0.0109 0.0072 -0.0146 -0.0007 0.0155 0.0007 0.0155 0.0226 -0.0055 0.0074 -0.0153 -0.0201 0.0094 0.0031 -0.0161 
clear
gstate $g
check_session
translate 0 90
scale 0.03
text 15 0 0 {META RECORDED DIRECTIONAL }
text 15 0 -100 TARGET=-1
text 15 0 -200 BEST=8.479E-05
text 15 0 -300 GENERATION=7
text 15 0 -500 PARENTS=-9266128936674546510708803659540666989570440318463045266854634092789923316019634195319186364987354661410697604753167801167177259691798259274535313963828899395054512892298208739898816592182784001477532694415068917387837429455519744.00
gstate $h
dot 15 0.0024 -0.0001 -0.0025 -0.0003 0.0001 -0.0017 0.0001 -0.0020 -0.0034 -0.0004 -0.0033 0.0019 0.0007 -0.0029 -0.0040 -0.0019 0.0049 -0.0011 0.0054 -0.0002 -0.0043 0.0024 0.0057 0.0007 -0.0062 -0.0008 -0.0017 -0.0041 0.0038 0.0035 -0.0068 0.0001 0.0063 0.0018 -0.0063 -0.0018 -0.0053 0.0030 -0.0042 -0.0037 
dot 15 -0.0069 0.0012 -0.0065 -0.0021 -0.0073 -0.0001 -0.0043 -0.0040 -0.0064 -0.0026 -0.0046 0.0039 0.0011 -0.0052 -0.0047 -0.0044 -0.0003 -0.0054 -0.0060 -0.0038 0.0013 -0.0057 -0.0017 -0.0058 -0.0081 0.0030 -0.0072 0.0041 0.0031 -0.0060 0.0074 -0.0041 -0.0053 0.0056 0.0053 0.0058 -0.0090 -0.0034 0.0051 0.0060 
dot 15 0.0094 -0.0032 0.0051 0.0061 0.0093 -0.0036 -0.0087 0.0043 -0.0096 0.0036 0.0101 -0.0030 0.0007 -0.0074 -0.0106 0.0033 -0.0091 0.0055 -0.0018 -0.0081 0.0034 0.0081 0.0029 -0.0083 -0.0084 0.0066 -0.0096 -0.0059 -0.0118 -0.0039 -0.0034 -0.0086 -0.0118 0.0047 -0.0101 0.0062 -0.0047 -0.0087 -0.0019 -0.0092 
dot 15 0.0110 -0.0059 -0.0142 0.0010 -0.0048 -0.0089 -0.0088 0.0076 -0.0142 0.0023 -0.0138 -0.0037 -0.0118 -0.0065 0.0037 -0.0099 0.0002 -0.0103 -0.0045 -0.0102 
clear
gstate $g
check_session
translate 0 90
scale 0.03
text 15 0 0 {META RECORDED DIRECTIONAL }
text 15 0 -100 TARGET=-1
text 15 0 -200 BEST=5.889E-05
text 15 0 -300 GENERATION=8
text 15 0 -500 PARENTS=-9266128936674546510708803659540666989570440318463045266854634092789923316019634195319186364987354661410697604753167801167177259691798259274535313963828899395054512892298208739898816592182784001477532694415068917387837429455519744.00
gstate $h
dot 15 0.0019 0.0004 0.0024 -0.0001 -0.0025 -0.0003 0.0001 -0.0017 -0.0019 -0.0012 0.0018 -0.0013 -0.0028 0.0002 0.0021 0.0013 0.0001 -0.0020 0.0009 0.0020 -0.0034 -0.0004 -0.0013 0.0022 -0.0037 0.0008 0.0019 0.0023 -0.0032 0.0017 0.0041 0.0005 -0.0012 -0.0027 -0.0033 0.0019 0.0007 -0.0029 -0.0021 0.0027 
dot 15 -0.0048 0.0004 -0.0040 -0.0019 0.0049 -0.0011 0.0054 -0.0002 -0.0050 0.0015 -0.0053 -0.0009 -0.0043 0.0024 0.0057 0.0007 0.0007 0.0038 -0.0052 0.0022 -0.0060 -0.0010 -0.0062 -0.0008 -0.0017 -0.0041 0.0038 0.0035 0.0054 -0.0024 -0.0068 0.0001 0.0063 0.0018 -0.0063 -0.0018 -0.0029 0.0042 -0.0053 0.0030 
dot 15 -0.0042 -0.0037 0.0057 0.0028 0.0069 0.0013 0.0030 -0.0043 0.0069 -0.0015 0.0063 0.0025 0.0074 0.0006 -0.0054 -0.0034 0.0061 0.0028 -0.0071 -0.0021 -0.0077 0.0008 0.0065 0.0031 0.0081 0.0001 -0.0081 -0.0004 0.0023 -0.0051 -0.0040 0.0048 -0.0081 -0.0016 0.0060 -0.0040 0.0029 -0.0053 -0.0084 -0.0017 
dot 15 -0.0009 -0.0058 -0.0094 -0.0011 -0.0094 0.0018 0.0062 -0.0049 0.0012 -0.0066 0.0076 -0.0044 0.0005 -0.0069 -0.0089 -0.0043 0.0068 -0.0057 -0.0033 0.0070 
clear
gstate $g
check_session
translate 0 90
scale 0.03
text 15 0 0 {META RECORDED DIRECTIONAL }
text 15 0 -100 TARGET=-1
text 15 0 -200 BEST=4.115E-05
text 15 0 -300 GENERATION=9
text 15 0 -500 PARENTS=-9266128936674546510708803659540666989570440318463045266854634092789923316019634195319186364987354661410697604753167801167177259691798259274535313963828899395054512892298208739898816592182784001477532694415068917387837429455519744.00
gstate $h
dot 15 -0.0008 0.0010 -0.0017 0.0003 -0.0014 0.0008 0.0019 0.0004 -0.0005 0.0014 -0.0023 0.0000 0.0006 0.0015 0.0024 -0.0001 -0.0025 -0.0003 0.0001 -0.0017 -0.0019 -0.0012 0.0018 -0.0013 -0.0028 0.0002 0.0021 0.0013 -0.0025 -0.0010 0.0011 -0.0018 -0.0031 0.0001 -0.0022 0.0014 0.0001 -0.0020 0.0009 0.0020 
dot 15 -0.0034 -0.0004 -0.0023 0.0017 -0.0014 0.0021 -0.0035 -0.0001 -0.0013 0.0022 -0.0018 0.0020 0.0022 -0.0019 -0.0021 0.0020 0.0033 0.0010 0.0037 0.0001 -0.0037 0.0008 -0.0011 0.0025 0.0019 0.0023 -0.0011 -0.0025 -0.0025 0.0021 -0.0026 0.0021 -0.0032 0.0017 0.0041 0.0005 -0.0012 -0.0027 0.0003 -0.0028 
dot 15 0.0028 0.0022 -0.0043 0.0006 0.0019 -0.0026 -0.0033 0.0019 0.0007 -0.0029 0.0007 -0.0029 -0.0021 0.0027 0.0037 0.0020 0.0014 -0.0031 -0.0045 -0.0014 0.0043 0.0017 -0.0042 0.0019 0.0050 0.0006 0.0045 0.0017 -0.0038 0.0024 0.0044 0.0020 0.0020 0.0033 -0.0047 -0.0022 -0.0028 0.0033 -0.0043 0.0030 
dot 15 0.0026 -0.0037 0.0036 -0.0034 -0.0050 0.0025 -0.0044 0.0029 -0.0062 -0.0011 -0.0038 -0.0035 0.0039 -0.0035 -0.0055 -0.0026 -0.0048 -0.0034 -0.0065 0.0022 
clear
gstate $g
check_session
translate 0 90
scale 0.03
text 15 0 0 {META RECORDED DIRECTIONAL }
text 15 0 -100 TARGET=-1
text 15 0 -200 BEST=1.951E-06
text 15 0 -300 GENERATION=10
text 15 0 -500 PARENTS=-9266128936674546510708803659540666989570440318463045266854634092789923316019634195319186364987354661410697604753167801167177259691798259274535313963828899395054512892298208739898816592182784001477532694415068917387837429455519744.00
gstate $h
dot 15 -0.0004 0.0000 -0.0005 -0.0002 -0.0006 -0.0002 -0.0009 -0.0002 -0.0001 0.0007 -0.0010 0.0002 -0.0010 -0.0005 0.0001 0.0009 -0.0004 0.0009 -0.0015 -0.0001 -0.0016 0.0002 -0.0012 -0.0007 0.0010 0.0008 -0.0008 0.0010 -0.0017 0.0003 -0.0014 0.0008 -0.0002 0.0012 -0.0014 0.0008 -0.0001 0.0012 -0.0018 -0.0003 
dot 15 -0.0019 -0.0001 -0.0017 0.0006 -0.0019 -0.0004 0.0019 0.0004 -0.0019 0.0004 0.0000 0.0014 0.0019 -0.0006 -0.0013 0.0011 -0.0017 0.0008 -0.0006 0.0013 -0.0005 0.0014 -0.0008 -0.0014 -0.0023 0.0004 -0.0023 0.0000 0.0006 0.0015 -0.0024 -0.0001 -0.0017 -0.0011 0.0024 -0.0001 -0.0025 -0.0000 -0.0025 -0.0003 
dot 15 0.0001 -0.0017 0.0022 0.0009 -0.0015 0.0014 -0.0019 -0.0012 -0.0018 0.0013 0.0018 -0.0013 -0.0028 0.0002 -0.0021 -0.0013 0.0021 0.0013 -0.0028 0.0005 -0.0025 -0.0010 -0.0019 0.0015 0.0011 -0.0018 -0.0031 0.0001 -0.0022 0.0014 0.0001 -0.0020 -0.0029 0.0008 0.0009 0.0020 -0.0007 0.0021 -0.0021 0.0017 
dot 15 -0.0026 0.0014 -0.0038 -0.0008 -0.0034 -0.0017 -0.0042 0.0010 -0.0045 -0.0002 -0.0027 0.0025 -0.0044 -0.0012 -0.0043 -0.0015 -0.0035 0.0023 -0.0049 0.0006 
clear
gstate $g
check_session
translate 0 90
scale 0.03
text 15 0 0 {META RECORDED DIRECTIONAL }
text 15 0 -100 TARGET=-1
text 15 0 -200 BEST=1.895E-07
text 15 0 -300 GENERATION=11
text 15 0 -500 PARENTS=-9266128936674546510708803659540666989570440318463045266854634092789923316019634195319186364987354661410697604753167801167177259691798259274535313963828899395054512892298208739898816592182784001477532694415068917387837429455519744.00
gstate $h
dot 15 0.0001 0.0000 -0.0001 -0.0002 -0.0004 0.0000 0.0002 0.0003 0.0002 -0.0003 0.0005 -0.0001 -0.0005 -0.0002 -0.0006 -0.0002 0.0004 -0.0003 0.0006 -0.0000 0.0007 -0.0000 -0.0007 0.0001 0.0007 0.0001 0.0007 0.0003 -0.0008 -0.0001 0.0006 -0.0004 0.0007 0.0002 0.0002 -0.0005 -0.0003 -0.0006 0.0005 -0.0005 
dot 15 -0.0007 -0.0004 -0.0010 0.0000 -0.0010 0.0001 -0.0009 -0.0002 0.0005 0.0006 0.0001 0.0007 -0.0009 0.0003 -0.0001 0.0007 0.0010 -0.0002 0.0003 0.0007 0.0007 0.0006 -0.0010 0.0002 -0.0010 -0.0003 -0.0005 -0.0006 0.0009 0.0004 0.0007 -0.0006 -0.0007 -0.0006 -0.0010 -0.0005 -0.0005 0.0007 -0.0012 -0.0002 
dot 15 0.0006 -0.0007 -0.0009 0.0006 0.0009 0.0006 -0.0005 0.0008 0.0007 0.0007 0.0001 0.0009 -0.0004 0.0009 0.0004 0.0009 -0.0012 -0.0005 -0.0004 0.0009 -0.0011 -0.0006 -0.0015 -0.0000 -0.0015 0.0002 0.0003 0.0010 -0.0015 -0.0001 0.0012 -0.0007 -0.0013 0.0006 -0.0010 -0.0008 -0.0007 0.0009 -0.0016 0.0002 
dot 15 -0.0012 -0.0007 -0.0016 0.0003 0.0010 0.0008 0.0010 0.0008 -0.0006 0.0010 0.0009 0.0009 -0.0001 -0.0011 -0.0008 0.0010 -0.0017 0.0003 -0.0012 -0.0008 
clear
gstate $g
check_session
translate 0 90
scale 0.03
text 15 0 0 {META RECORDED DIRECTIONAL }
text 15 0 -100 TARGET=-1
text 15 0 -200 BEST=1.895E-07
text 15 0 -300 GENERATION=12
text 15 0 -500 PARENTS=-9266128936674546510708803659540666989570440318463045266854634092789923316019634195319186364987354661410697604753167801167177259691798259274535313963828899395054512892298208739898816592182784001477532694415068917387837429455519744.00
gstate $h
dot 15 0.0001 0.0000 0.0002 0.0000 0.0001 -0.0001 -0.0002 0.0001 0.0000 0.0002 -0.0001 -0.0002 -0.0002 0.0001 0.0003 0.0001 0.0001 0.0002 0.0003 0.0000 -0.0003 -0.0000 -0.0004 0.0000 -0.0002 -0.0002 0.0004 -0.0000 0.0002 0.0003 0.0002 -0.0003 0.0001 0.0003 0.0004 -0.0002 0.0005 -0.0001 0.0005 -0.0001 
dot 15 -0.0002 -0.0003 0.0005 0.0002 0.0006 -0.0000 -0.0000 -0.0004 -0.0005 -0.0002 0.0006 -0.0001 0.0006 0.0000 -0.0006 -0.0002 0.0004 -0.0003 0.0006 -0.0000 0.0004 0.0003 0.0007 0.0000 0.0001 -0.0004 0.0007 -0.0000 0.0004 -0.0003 0.0007 0.0001 -0.0007 0.0001 0.0007 0.0001 0.0006 -0.0002 0.0004 -0.0004 
dot 15 -0.0008 -0.0000 0.0002 -0.0005 -0.0007 0.0001 0.0007 -0.0001 0.0007 -0.0002 0.0007 0.0003 -0.0008 -0.0001 0.0008 0.0001 0.0002 -0.0005 0.0006 -0.0004 0.0008 -0.0000 0.0006 -0.0004 0.0007 0.0003 0.0008 -0.0001 0.0007 0.0002 0.0002 -0.0005 0.0007 0.0003 0.0003 -0.0005 -0.0004 -0.0005 0.0002 -0.0006 
dot 15 0.0001 -0.0006 -0.0006 0.0004 0.0008 -0.0003 -0.0003 -0.0006 0.0009 -0.0001 0.0005 -0.0005 0.0004 -0.0005 0.0002 -0.0006 0.0009 -0.0002 0.0004 -0.0006 
clear
gstate $g
check_session
translate 0 90
scale 0.03
text 15 0 0 {META RECORDED DIRECTIONAL }
text 15 0 -100 TARGET=-1
text 15 0 -200 BEST=4.455E-08
text 15 0 -300 GENERATION=13
text 15 0 -500 PARENTS=-9266128936674546510708803659540666989570440318463045266854634092789923316019634195319186364987354661410697604753167801167177259691798259274535313963828899395054512892298208739898816592182784001477532694415068917387837429455519744.00
gstate $h
dot 15 -0.0000 0.0000 -0.0000 -0.0000 -0.0000 -0.0001 -0.0001 0.0000 0.0001 0.0000 0.0001 0.0000 0.0001 -0.0000 0.0001 -0.0001 -0.0001 -0.0000 -0.0002 0.0000 0.0002 0.0000 -0.0002 -0.0001 -0.0002 0.0001 0.0000 -0.0001 0.0002 0.0000 -0.0001 0.0001 0.0001 -0.0001 0.0000 0.0001 -0.0002 0.0001 0.0002 0.0001 
dot 15 0.0000 0.0002 0.0003 -0.0000 -0.0001 -0.0002 -0.0003 0.0000 0.0002 0.0001 -0.0002 0.0001 0.0003 0.0001 0.0001 0.0002 0.0003 0.0000 -0.0003 -0.0000 -0.0001 -0.0002 0.0002 0.0002 0.0003 0.0000 0.0003 -0.0000 0.0003 -0.0000 0.0003 0.0001 -0.0000 -0.0002 -0.0003 -0.0001 -0.0004 0.0000 0.0002 -0.0002 
dot 15 -0.0003 -0.0001 -0.0004 0.0001 0.0003 0.0001 -0.0002 -0.0002 0.0003 0.0002 -0.0002 0.0002 0.0003 0.0002 0.0004 -0.0000 0.0004 -0.0001 -0.0004 0.0001 -0.0004 0.0001 -0.0004 0.0001 -0.0003 0.0002 0.0002 0.0003 -0.0005 0.0000 0.0002 -0.0003 0.0005 0.0000 0.0005 0.0000 0.0004 0.0001 0.0001 0.0003 
dot 15 0.0005 -0.0000 -0.0004 -0.0002 0.0003 0.0003 0.0004 -0.0002 -0.0004 -0.0002 0.0005 -0.0001 0.0005 -0.0002 0.0005 -0.0001 -0.0005 -0.0001 0.0005 -0.0001 
gstate $g
check_session
