notice "Gaussian bowl, no meta-mutation"
set g [gstate]
scale 2.500 2.500
translate 20.000 20.000
set h [gstate]
clear
gstate $g
if {[check_session]} return
translate 0 90
scale 0.03
text 15 0 0 {COOLED M=5.6569 DECAY=1.000}
text 15 0 -100 TARGET=-1
text 15 0 -200 BEST=5.702
text 15 0 -300 GENERATION=0
text 15 0 -500 PARENTS=-9266128936674546510708803659540666989570440318463045266854634092789923316019634195319186364987354661410697604753167801167177259691798259274535313963828899395054512892298208739898816592182784001477532694415068917387837429455519744.00
gstate $h
dot 15 0.6992 2.2747 1.7538 -3.7481 -4.6554 0.5087 2.9056 2.5067 5.2648 -0.3632 4.0304 3.0844 0.3638 -3.7902 -1.7483 5.5696 4.5659 -1.6148 -0.4023 6.0352 -1.8921 -5.9190 5.7078 -0.2025 -2.9238 6.6241 2.1780 -6.5511 3.3644 6.7527 -1.8291 5.6514 5.2333 4.0098 2.2042 7.3741 -5.8079 6.0494 -7.3170 4.5636 
dot 15 2.0390 -8.3653 -3.8866 6.7362 -7.8365 -1.5175 -6.3579 6.1853 -0.0431 -8.2205 3.6292 7.0764 -8.3082 3.7109 1.6914 -9.1647 -3.9056 8.6347 7.3021 6.0968 -9.5948 -0.8856 0.4205 -8.3814 1.5235 -8.8140 6.3091 -7.5871 -5.2114 -8.0141 -7.8140 5.7920 3.5655 9.3328 -3.0535 9.4358 6.2889 -7.7169 -7.0993 -6.0762 
dot 15 5.3243 -8.7669 4.8399 -9.2983 0.9918 -10.5068 9.8772 3.7075 8.2527 -5.9297 -6.4438 8.4217 7.0015 6.9173 9.7287 -4.4767 -9.9200 4.8241 -3.8958 -10.3324 2.4509 10.6705 -9.7075 -3.3305 -5.3199 -8.9343 -7.1247 9.4383 -11.7327 1.2956 10.8503 -4.8667 6.3954 -9.9518 -0.1130 -12.0450 -7.9828 8.9977 -11.5775 -4.3253 
dot 15 11.8333 3.6410 8.5136 9.0271 -8.5269 -9.0178 -11.8902 -1.9424 -12.7052 2.3860 0.3412 12.9014 -4.5752 -12.1584 -11.1345 -6.3089 12.4820 3.5518 9.2720 -9.6809 
clear
gstate $g
if {[check_session]} return
translate 0 90
scale 0.03
text 15 0 0 {COOLED M=5.6569 DECAY=1.000}
text 15 0 -100 TARGET=-1
text 15 0 -200 BEST=4.394
text 15 0 -300 GENERATION=1
text 15 0 -500 PARENTS=-9266128936674546510708803659540666989570440318463045266854634092789923316019634195319186364987354661410697604753167801167177259691798259274535313963828899395054512892298208739898816592182784001477532694415068917387837429455519744.00
gstate $h
dot 15 -1.3490 -0.5123 0.6992 2.2747 1.3129 2.1637 -0.5030 -0.9116 1.2686 -2.3678 -0.8606 1.7871 -3.1196 -0.8178 0.3016 -1.4315 0.1070 3.1932 2.8538 -0.8870 -0.3107 0.3025 3.2441 -1.1343 2.5929 0.4101 1.7538 -3.7481 2.7013 -3.4389 -0.2841 4.5219 0.4344 1.6928 4.6360 -0.7372 -2.9656 3.0763 -1.3362 4.2885 
dot 15 -3.0792 -2.8211 -4.6554 0.5087 0.0541 4.4793 0.5963 -0.7046 2.9056 2.5067 5.2648 -0.3632 -0.5395 -4.7536 4.0304 3.0844 -0.0706 -2.1742 3.0052 4.2885 -4.5482 -2.2905 0.3094 5.4240 -2.7163 0.7848 -4.6206 -3.0326 3.8640 3.9358 0.3638 -3.7902 3.6599 -0.5160 -1.7483 5.5696 -1.5898 5.3413 4.5659 -1.6148 
dot 15 -0.4023 6.0352 0.8852 5.2636 -1.8921 -5.9190 -2.4385 4.4403 -1.4799 -5.9262 -0.4105 -5.0865 -1.3172 -3.0584 2.7151 1.1737 -5.5876 -2.4079 2.6653 6.0126 0.4882 -3.4843 0.9353 -6.0534 5.7078 -0.2025 -2.1374 -4.4020 -3.7182 -3.5276 -0.9782 2.2569 5.3494 2.6928 -5.5661 4.0544 -1.2151 3.1399 -2.6304 -1.8106 
dot 15 -2.9016 2.2837 3.6327 -6.1195 -7.1934 0.4591 -1.4862 1.6652 5.4875 -4.7919 2.6787 6.8474 -2.9238 6.6241 -5.9776 -1.8764 1.6805 3.0980 -1.1916 -7.2812 
clear
gstate $g
if {[check_session]} return
translate 0 90
scale 0.03
text 15 0 0 {COOLED M=5.6569 DECAY=1.000}
text 15 0 -100 TARGET=-1
text 15 0 -200 BEST=2.818
text 15 0 -300 GENERATION=2
text 15 0 -500 PARENTS=-9266128936674546510708803659540666989570440318463045266854634092789923316019634195319186364987354661410697604753167801167177259691798259274535313963828899395054512892298208739898816592182784001477532694415068917387837429455519744.00
gstate $h
dot 15 0.0138 -1.5295 1.6929 -1.0925 -1.3490 -0.5123 -1.6150 -1.0843 0.6992 2.2747 1.3129 2.1637 -0.6601 -0.4019 -0.5030 -0.9116 -0.6284 -2.5244 1.2686 -2.3678 -0.8606 1.7871 1.7383 1.5475 -3.1196 -0.8178 1.9809 2.6146 0.3016 -1.4315 0.6269 -2.9460 -3.4254 0.1321 0.3559 -3.4403 -3.3483 -0.9779 -0.5255 -0.5713 
dot 15 -0.9797 -1.3262 2.0720 -1.3023 -0.8499 2.4917 0.4337 2.6299 0.1070 3.1932 2.8538 -0.8870 -0.3107 0.3025 -2.9517 -0.4048 3.2441 -1.1343 2.5929 0.4101 1.7538 -3.7481 2.7013 -3.4389 -1.1190 2.5977 -2.8811 3.2771 -2.7768 0.4209 -2.9697 -3.1678 4.2038 0.5379 -0.2841 4.5219 0.4344 1.6928 2.9044 -2.4805 
dot 15 -3.7870 -1.8315 3.5641 2.6568 4.6360 -0.7372 -2.9656 3.0763 -1.3362 4.2885 0.2260 2.2535 0.1202 -1.6650 -1.5028 -4.1246 3.4555 1.6287 4.5813 -2.1008 3.6969 -1.7904 -2.0802 3.6402 3.6478 -3.0938 2.6645 -4.4784 1.1912 5.4710 3.3993 2.8842 -4.9150 -3.2039 -4.6078 0.1801 -0.8715 -2.9800 5.3691 -2.9963 
dot 15 3.9677 4.6685 -1.9545 1.7269 4.7309 0.7363 2.5207 2.3332 0.1376 -5.7994 -4.4702 4.6797 2.2184 3.0216 1.7146 -6.3030 2.2516 -4.0334 2.3340 6.2240 
clear
gstate $g
if {[check_session]} return
translate 0 90
scale 0.03
text 15 0 0 {COOLED M=5.6569 DECAY=1.000}
text 15 0 -100 TARGET=-1
text 15 0 -200 BEST=1.883
text 15 0 -300 GENERATION=3
text 15 0 -500 PARENTS=-9266128936674546510708803659540666989570440318463045266854634092789923316019634195319186364987354661410697604753167801167177259691798259274535313963828899395054512892298208739898816592182784001477532694415068917387837429455519744.00
gstate $h
dot 15 1.1857 -0.6904 0.0138 -1.5295 1.6929 -1.0925 -1.7865 0.1767 -1.3490 -0.5123 0.7614 -1.3415 -1.6150 -1.0843 0.6992 2.2747 1.3129 2.1637 -1.3406 0.8779 -0.6601 -0.4019 -0.5030 -0.9116 -0.6284 -2.5244 1.2686 -2.3678 -0.3756 3.0037 -0.8606 1.7871 0.2561 -0.7190 2.4970 1.8138 1.7383 1.5475 -3.1196 -0.8178 
dot 15 1.9809 2.6146 0.3016 -1.4315 -2.9415 1.4556 0.6269 -2.9460 -3.4254 0.1321 0.3559 -3.4403 -3.3483 -0.9779 -0.5255 -0.5713 2.0826 1.5003 -2.0412 -0.5717 0.8329 -0.7253 -2.7809 0.3257 -2.7503 -2.1810 1.6877 -0.1708 -3.2581 0.8387 -3.9552 1.0625 3.7094 1.2786 -1.1262 2.7060 -1.8063 -3.2517 -2.8748 -2.4844 
dot 15 0.9529 -4.1568 -2.8834 -3.5432 -4.6154 -0.3898 -0.0355 3.4638 -3.2150 2.1661 -2.2266 3.5025 3.9120 -0.8823 -2.8501 -1.2899 3.3500 -3.3152 3.9182 -2.1940 1.7575 4.3533 -3.1754 -3.9717 3.1313 -4.2982 4.5699 -2.4735 3.2470 3.6109 -4.2736 -2.3805 1.9561 -3.9424 -3.6654 3.0422 -3.0860 -0.4993 -0.4495 3.5216 
dot 15 -0.2890 -2.6232 -2.5493 1.2871 -1.7605 -0.7314 1.5340 -6.0032 4.0862 -4.3734 0.9420 3.0617 -3.1908 -1.8468 1.0252 4.4297 -0.5496 -2.0559 3.3033 5.8681 
clear
gstate $g
if {[check_session]} return
translate 0 90
scale 0.03
text 15 0 0 {COOLED M=5.6569 DECAY=1.000}
text 15 0 -100 TARGET=-1
text 15 0 -200 BEST=1.883
text 15 0 -300 GENERATION=4
text 15 0 -500 PARENTS=-9266128936674546510708803659540666989570440318463045266854634092789923316019634195319186364987354661410697604753167801167177259691798259274535313963828899395054512892298208739898816592182784001477532694415068917387837429455519744.00
gstate $h
dot 15 1.1857 -0.6904 0.0138 -1.5295 0.8981 1.4471 1.6929 -1.0925 -1.7865 0.1767 -1.3490 -0.5123 0.7614 -1.3415 -1.6150 -1.0843 0.6992 2.2747 1.3129 2.1637 -1.3406 0.8779 -0.3154 1.9768 -2.0528 0.3680 -0.6601 -0.4019 -0.5030 -0.9116 -0.6284 -2.5244 1.2686 -2.3678 1.2233 -1.2328 -0.3756 3.0037 -0.8606 1.7871 
dot 15 0.2561 -0.7190 2.4970 1.8138 1.7383 1.5475 1.2389 1.2092 -3.1196 -0.8178 -2.2657 2.6719 3.1779 -1.6448 -1.2882 0.2598 -2.3211 2.2149 -2.6969 2.4652 -1.2727 -1.1325 2.4194 2.5455 0.4971 -4.1486 1.4731 4.2138 -0.5503 -1.2590 -2.1076 -0.5113 -2.1204 -4.1703 2.6769 -3.6072 -3.9072 -2.2888 1.4972 1.0065 
dot 15 3.1952 3.5983 -0.2529 -3.3614 3.6171 3.0511 3.4369 -3.8079 -2.1716 1.2307 -3.7516 -3.2664 3.6743 3.7514 4.7897 0.3077 3.9959 -3.3504 4.1730 2.3952 -3.2437 1.4497 0.1992 -5.7165 4.4993 1.3342 -0.4087 3.7716 2.3555 -0.7927 -5.0441 -0.1347 5.2461 -2.0507 2.8365 0.4356 2.1872 -0.3948 -4.3066 0.7676 
dot 15 5.1317 2.7910 -0.3346 -3.8377 5.7645 0.2557 0.8965 -4.2519 0.6670 -3.2976 -6.6301 -0.1268 3.0993 3.3082 0.6837 3.0662 2.2828 5.2678 -0.6517 -6.7700 
clear
gstate $g
if {[check_session]} return
translate 0 90
scale 0.03
text 15 0 0 {COOLED M=5.6569 DECAY=1.000}
text 15 0 -100 TARGET=-1
text 15 0 -200 BEST=1.126
text 15 0 -300 GENERATION=5
text 15 0 -500 PARENTS=-9266128936674546510708803659540666989570440318463045266854634092789923316019634195319186364987354661410697604753167801167177259691798259274535313963828899395054512892298208739898816592182784001477532694415068917387837429455519744.00
gstate $h
dot 15 -0.3958 0.9222 1.1857 -0.6904 0.3057 -0.3307 0.0138 -1.5295 0.8981 1.4471 1.6929 -1.0925 -1.7865 0.1767 -1.3490 -0.5123 0.7614 -1.3415 -1.6150 -1.0843 0.6992 2.2747 0.5843 2.0928 1.3129 2.1637 -1.3406 0.8779 -0.3154 1.9768 -2.0528 0.3680 -0.6601 -0.4019 -0.5030 -0.9116 -0.6284 -2.5244 1.2686 -2.3678 
dot 15 -0.6617 1.7595 1.2233 -1.2328 -0.3756 3.0037 -0.8606 1.7871 -2.0710 1.3139 -0.5391 0.5714 0.7334 -3.5227 -0.3272 -0.5501 0.0023 0.5035 -4.2772 0.0759 3.1607 0.8027 2.9332 -3.0395 -1.4101 -4.3015 4.2319 -1.9973 -0.9445 3.0321 4.8077 -1.1805 -0.6177 -4.6577 -0.3342 -0.4724 -3.4393 0.7999 -1.6057 0.2298 
dot 15 0.2270 -1.4573 5.3919 -0.6265 1.0418 -4.6874 -1.2265 4.7758 5.3907 -1.4784 -1.9969 3.0600 2.9126 -0.2841 4.2652 -2.1818 -1.8755 -1.4522 2.4213 0.4567 -2.2431 -2.2918 -6.1166 -0.2512 -2.5851 -4.2785 -3.5916 3.9334 1.8559 0.1975 5.2466 3.1463 1.1181 6.4260 5.8423 1.9865 -3.6394 2.9727 -4.8207 0.5016 
dot 15 -1.7192 4.3721 -4.3382 4.9018 0.9358 -4.4971 -5.2193 -4.4107 2.2099 1.8787 2.8029 1.6137 1.4582 -1.2574 -1.3414 -2.8104 -4.2574 -5.7313 0.4181 -2.0506 
clear
gstate $g
if {[check_session]} return
translate 0 90
scale 0.03
text 15 0 0 {COOLED M=5.6569 DECAY=1.000}
text 15 0 -100 TARGET=-1
text 15 0 -200 BEST=1.126
text 15 0 -300 GENERATION=6
text 15 0 -500 PARENTS=-9266128936674546510708803659540666989570440318463045266854634092789923316019634195319186364987354661410697604753167801167177259691798259274535313963828899395054512892298208739898816592182784001477532694415068917387837429455519744.00
gstate $h
dot 15 -0.3958 0.9222 0.4225 0.6841 1.1857 -0.6904 0.3057 -0.3307 -0.9219 1.3014 0.0138 -1.5295 0.8981 1.4471 1.6929 -1.0925 -1.7865 0.1767 -1.3490 -0.5123 0.7614 -1.3415 -1.6150 -1.0843 0.6992 2.2747 0.5843 2.0928 2.1948 -1.2556 1.3129 2.1637 -1.3406 0.8779 -0.3154 1.9768 -2.0528 0.3680 -0.6601 -0.4019 
dot 15 -0.3230 2.3563 -0.5030 -0.9116 2.4383 -1.4449 -0.6284 -2.5244 1.2686 -2.3678 -1.4545 -2.4662 -1.6422 -2.6206 -2.5862 1.2287 3.1227 0.9430 2.3887 -2.1906 -1.3238 -1.9969 2.8172 1.0553 3.6918 -0.9922 2.9027 -2.5064 -0.5118 0.6253 3.7108 0.6082 -2.0488 1.2289 1.7955 -1.8840 1.8807 2.1363 0.1290 2.8569 
dot 15 -4.6263 -1.0406 -4.1735 -2.1593 3.1076 -0.9262 3.9816 -2.2250 -3.6330 -0.7949 -3.8061 -0.5275 -1.8814 4.0586 -2.3392 2.7464 3.5063 3.6512 -0.2215 -1.7629 -1.3528 -2.5248 3.8226 1.3060 -1.7672 2.1402 4.1933 0.7447 3.4087 -0.3731 4.3441 -2.5457 -1.2638 2.7182 2.3844 -4.7945 0.2041 5.3404 1.1182 2.9222 
dot 15 -2.0631 4.7846 -0.0885 -0.8170 -1.8637 -0.7018 0.5481 0.1353 -5.3060 0.7245 -2.4205 -5.3588 -5.5937 -2.2328 4.6501 2.5925 -3.0654 1.2355 6.5643 -0.0555 
clear
gstate $g
if {[check_session]} return
translate 0 90
scale 0.03
text 15 0 0 {COOLED M=5.6569 DECAY=1.000}
text 15 0 -100 TARGET=-1
text 15 0 -200 BEST=1.126
text 15 0 -300 GENERATION=7
text 15 0 -500 PARENTS=-9266128936674546510708803659540666989570440318463045266854634092789923316019634195319186364987354661410697604753167801167177259691798259274535313963828899395054512892298208739898816592182784001477532694415068917387837429455519744.00
gstate $h
dot 15 -0.3958 0.9222 0.4225 0.6841 1.1857 -0.6904 0.3057 -0.3307 -1.1275 -0.7793 -0.9219 1.3014 0.0138 -1.5295 0.8981 1.4471 1.6929 -1.0925 -1.7865 0.1767 -1.3490 -0.5123 1.5447 -0.4394 -0.5587 2.0631 0.7614 -1.3415 -1.9288 0.8587 -1.6150 -1.0843 0.6992 2.2747 0.5843 2.0928 2.1948 -1.2556 1.3129 2.1637 
dot 15 -1.1236 -1.2168 0.1735 1.3475 -1.3406 0.8779 0.3173 -2.5760 -0.3154 1.9768 -2.0528 0.3680 -0.6601 -0.4019 -0.4869 -1.7398 1.2890 -0.8063 0.3003 -0.3669 2.2091 -0.8977 2.8271 1.4429 -0.5640 -1.3798 -1.3995 2.3580 0.7135 -3.1194 3.2929 -0.8176 -3.1527 0.7082 2.1913 -0.0900 1.1676 3.0449 -0.6601 1.7857 
dot 15 -3.5271 1.0783 -3.3291 1.4168 -1.2490 3.7806 4.1084 -0.1848 0.0621 4.0160 -3.4493 0.5541 -0.9927 -3.1261 -0.9696 -1.6779 2.3129 -3.1177 3.9005 -2.4152 -2.8031 0.8198 -3.0708 0.8397 -5.1835 0.7835 -0.2031 2.2791 -2.5882 1.1208 -0.5162 -4.9113 -4.2801 -3.6526 1.0255 -1.5845 0.0910 3.3836 -1.5251 -3.7748 
dot 15 0.8077 5.9109 2.3584 5.5148 2.7110 3.7540 3.0607 -0.3768 -3.0361 0.8729 -5.2414 -1.4411 -4.7584 1.0743 6.1334 1.2195 6.3415 -0.7114 2.5850 -3.7994 
clear
gstate $g
if {[check_session]} return
translate 0 90
scale 0.03
text 15 0 0 {COOLED M=5.6569 DECAY=1.000}
text 15 0 -100 TARGET=-1
text 15 0 -200 BEST=1.126
text 15 0 -300 GENERATION=8
text 15 0 -500 PARENTS=-9266128936674546510708803659540666989570440318463045266854634092789923316019634195319186364987354661410697604753167801167177259691798259274535313963828899395054512892298208739898816592182784001477532694415068917387837429455519744.00
gstate $h
dot 15 -0.3958 0.9222 -0.7980 -0.9782 0.4225 0.6841 1.1857 -0.6904 0.3057 -0.3307 -1.1275 -0.7793 -0.9219 1.3014 0.0138 -1.5295 0.8981 1.4471 1.6929 -1.0925 -1.7865 0.1767 -1.3490 -0.5123 -0.3013 -1.6877 1.5447 -0.4394 -0.5587 2.0631 0.7614 -1.3415 -1.9288 0.8587 -1.6150 -1.0843 0.6992 2.2747 0.5843 2.0928 
dot 15 2.1948 -1.2556 1.3129 2.1637 0.2314 -0.5986 -0.9705 2.5598 2.2928 1.3021 -0.5829 2.9621 -0.7406 -1.4122 -2.3427 0.3990 3.1417 0.7826 1.6275 -0.7649 -0.3688 -0.9153 -3.8419 0.6179 2.5885 -0.2082 -0.0758 3.1906 0.7171 4.5747 4.4073 -1.6262 -2.7167 3.8965 1.8707 -3.0779 -4.0583 -2.7180 4.3653 -0.2309 
dot 15 -1.4430 2.6108 -0.6356 4.5952 4.8114 1.5894 -4.0706 -2.2495 4.0440 -3.3351 -1.8460 2.3208 1.9148 -0.8220 2.2120 -0.6178 -2.8025 -4.0768 0.6834 3.6620 3.3489 -4.0753 -4.8100 1.1967 -3.8979 2.1127 1.8371 5.2581 1.5036 -5.2053 -0.7887 1.2219 5.2401 1.8944 -1.1177 5.4813 0.9614 0.4785 3.0823 -5.1542 
dot 15 4.4818 -2.6391 6.3333 0.5227 -1.4396 -1.0730 1.8229 0.3335 -4.9075 -0.0475 -1.7176 4.1143 0.6981 6.4087 -0.8379 5.2131 -3.8014 -3.5871 0.6674 3.4603 
clear
gstate $g
if {[check_session]} return
translate 0 90
scale 0.03
text 15 0 0 {COOLED M=5.6569 DECAY=1.000}
text 15 0 -100 TARGET=-1
text 15 0 -200 BEST=1.126
text 15 0 -300 GENERATION=9
text 15 0 -500 PARENTS=-9266128936674546510708803659540666989570440318463045266854634092789923316019634195319186364987354661410697604753167801167177259691798259274535313963828899395054512892298208739898816592182784001477532694415068917387837429455519744.00
gstate $h
dot 15 -0.3958 0.9222 -0.7980 -0.9782 -0.9445 0.8896 0.4225 0.6841 1.1857 -0.6904 0.3057 -0.3307 -1.1275 -0.7793 -0.9219 1.3014 0.0138 -1.5295 0.8981 1.4471 0.4638 -0.3260 -1.9517 0.0209 1.6929 -1.0925 -1.7865 0.1767 -1.3490 -0.5123 -0.3013 -1.6877 1.5447 -0.4394 -1.4013 -1.3749 -0.5587 2.0631 0.7614 -1.3415 
dot 15 -1.9288 0.8587 -1.6150 -1.0843 2.2997 -0.3793 0.6992 2.2747 0.5843 2.0928 -1.4507 0.8552 0.8442 -2.2163 0.6897 -1.8731 1.8929 2.8683 1.2380 -0.3112 3.3016 -1.8984 -0.5902 3.0693 -3.7225 -0.9830 -3.5710 -1.3148 2.6197 -0.6074 2.8138 3.5831 4.3198 -1.6273 -0.8899 1.1992 -1.0012 3.1856 -0.4334 -1.0997 
dot 15 1.6530 -2.4475 3.9021 -3.3924 -0.1285 5.2389 3.3975 4.1370 4.3564 3.2695 -2.8587 4.7421 -3.9355 0.8625 5.5400 -0.8625 5.5357 0.5105 -1.8159 5.6735 4.1811 4.1619 -1.2697 5.5942 5.0021 -0.2428 -5.4474 -2.6864 -2.1151 0.8563 3.4161 5.1186 -6.0141 -1.0520 4.8903 3.1796 2.7958 -5.6019 -2.1254 -3.6837 
dot 15 -6.2207 -0.9137 -5.3458 2.4857 -4.4190 -1.5874 5.3128 -3.6830 -3.9371 1.9821 1.2174 -4.6068 -2.4719 4.2516 -2.8962 2.0306 4.0027 -4.9883 1.5937 -1.7027 
clear
gstate $g
if {[check_session]} return
translate 0 90
scale 0.03
text 15 0 0 {COOLED M=5.6569 DECAY=1.000}
text 15 0 -100 TARGET=-1
text 15 0 -200 BEST=0.1511
text 15 0 -300 GENERATION=10
text 15 0 -500 PARENTS=-9266128936674546510708803659540666989570440318463045266854634092789923316019634195319186364987354661410697604753167801167177259691798259274535313963828899395054512892298208739898816592182784001477532694415068917387837429455519744.00
gstate $h
dot 15 -0.2376 -0.0821 -0.3958 0.9222 -0.7980 -0.9782 -0.9445 0.8896 0.4225 0.6841 1.1857 -0.6904 0.3057 -0.3307 -1.1275 -0.7793 -0.9219 1.3014 0.0138 -1.5295 0.8981 1.4471 0.4638 -0.3260 1.3728 0.9004 -1.9517 0.0209 1.6929 -1.0925 -1.7865 0.1767 -1.3490 -0.5123 -0.3013 -1.6877 1.5447 -0.4394 -1.4013 -1.3749 
dot 15 -0.0214 2.0595 -0.5587 2.0631 0.7614 -1.3415 2.2636 -0.2691 0.6833 2.1692 2.5160 -0.3462 0.7947 1.5772 1.4751 -0.0955 0.4833 0.1431 -3.2514 1.2966 0.3496 -0.7877 0.3355 3.3851 -3.1382 0.3432 0.1808 3.8545 1.6072 -2.3007 4.1630 -0.5984 -0.9295 3.4528 3.5605 -2.1202 0.1497 1.8200 -4.2805 1.7448 
dot 15 -1.9445 4.2313 2.3002 1.3242 1.0734 -1.3401 -3.5413 -2.7222 -2.1997 4.1994 1.8768 4.5121 -4.3069 1.9590 5.1083 2.0588 4.1052 -3.5531 -4.6513 -2.4976 -5.3334 -1.8740 -3.4604 0.3091 -0.4508 3.8392 3.2215 -4.7692 -1.5439 -5.5497 -3.8787 4.0128 -5.3375 -2.5060 1.0502 -1.6161 2.2292 3.9817 -4.7523 3.6806 
dot 15 -0.4630 -5.2224 -3.0137 1.3964 -2.0971 3.6502 1.2533 -4.9166 -2.2696 -0.4249 -0.8468 6.4344 -0.3714 -4.1557 6.6883 0.3901 -0.1893 5.4256 -5.2886 1.4235 
clear
gstate $g
if {[check_session]} return
translate 0 90
scale 0.03
text 15 0 0 {COOLED M=5.6569 DECAY=1.000}
text 15 0 -100 TARGET=-1
text 15 0 -200 BEST=0.1511
text 15 0 -300 GENERATION=11
text 15 0 -500 PARENTS=-9266128936674546510708803659540666989570440318463045266854634092789923316019634195319186364987354661410697604753167801167177259691798259274535313963828899395054512892298208739898816592182784001477532694415068917387837429455519744.00
gstate $h
dot 15 -0.2376 -0.0821 -0.3958 0.9222 -0.7980 -0.9782 -0.9445 0.8896 0.4225 0.6841 1.1857 -0.6904 0.3057 -0.3307 -1.1275 -0.7793 1.2463 -0.7037 -0.9219 1.3014 0.0138 -1.5295 0.8981 1.4471 0.4638 -0.3260 1.3728 0.9004 0.6088 -1.4386 -1.9517 0.0209 1.6929 -1.0925 -1.7865 0.1767 -1.3490 -0.5123 -0.3013 -1.6877 
dot 15 -1.3998 -1.4953 1.5447 -0.4394 -1.4013 -1.3749 1.7865 1.2597 -0.4421 -0.5101 1.2642 -0.6676 -1.0366 2.4683 -1.2261 -0.4549 -1.1264 -1.6114 -2.3995 1.7466 2.1037 2.7387 -1.1000 3.1956 0.0511 -1.2290 3.0670 1.0959 3.6588 1.6916 -1.5645 3.2892 1.1289 0.6286 3.5910 -1.0162 0.2148 -1.8710 -2.1552 4.3387 
dot 15 0.6806 1.2203 1.6510 1.3136 -1.1386 -0.1181 -3.2743 3.5419 1.8737 2.2995 -1.8809 3.9563 -0.2437 -3.0078 -1.5728 -4.9445 1.1258 -0.9578 -2.3625 4.2344 -2.6705 0.7087 0.1789 0.7918 -2.4862 3.6995 2.3278 4.9499 0.3282 0.0131 -4.8128 2.6784 3.8951 1.4409 -2.0465 -3.8243 4.0590 -4.3850 3.6690 -4.9277 
dot 15 3.6078 -4.6719 3.2993 3.4285 -1.5806 -3.7377 -2.1601 -5.7684 4.9680 -3.5168 4.8394 4.0316 -3.6005 0.1026 -0.7456 -6.3788 -0.2749 -4.8032 0.5376 5.9585 
clear
gstate $g
if {[check_session]} return
translate 0 90
scale 0.03
text 15 0 0 {COOLED M=5.6569 DECAY=1.000}
text 15 0 -100 TARGET=-1
text 15 0 -200 BEST=0.1511
text 15 0 -300 GENERATION=12
text 15 0 -500 PARENTS=-9266128936674546510708803659540666989570440318463045266854634092789923316019634195319186364987354661410697604753167801167177259691798259274535313963828899395054512892298208739898816592182784001477532694415068917387837429455519744.00
gstate $h
dot 15 -0.2376 -0.0821 -0.1176 0.4852 0.1488 0.0557 -0.3958 0.9222 -0.7980 -0.9782 -0.9445 0.8896 0.4225 0.6841 1.1857 -0.6904 0.3057 -0.3307 -1.1275 -0.7793 1.2463 -0.7037 -0.9219 1.3014 0.0138 -1.5295 0.8981 1.4471 0.4638 -0.3260 1.3728 0.9004 0.6088 -1.4386 -1.9517 0.0209 1.6929 -1.0925 -1.7865 0.1767 
dot 15 -1.3490 -0.5123 -0.3013 -1.6877 -0.3259 1.0388 -0.8497 -1.1871 0.9251 1.1814 2.1342 -2.1652 0.6741 1.5823 0.2354 2.0374 -0.3882 -3.1857 0.4231 -2.0998 2.4038 2.2735 -1.4727 -1.4019 -3.1427 0.7987 0.1931 -1.2881 1.9382 0.8366 -2.6152 2.4699 1.0583 -3.0494 3.4012 1.5675 -2.2326 0.1070 0.7269 0.9516 
dot 15 3.2369 0.2589 3.7834 -1.5350 1.3740 2.6164 1.5535 -0.3376 -0.3826 -1.8901 3.7677 0.9970 -0.8961 1.5646 -4.0486 -0.6492 -4.2326 1.9006 -1.2503 -0.0856 2.1881 -2.9981 2.4046 0.5912 -2.9662 -3.7725 -1.4808 2.8361 3.5612 1.6779 1.7887 -0.5645 1.7392 3.6324 4.4377 2.6731 3.7771 1.2766 -3.9850 2.3384 
dot 15 2.8570 2.5587 -0.6829 -3.4687 -4.5250 1.7410 4.1014 -4.4981 4.2708 -4.3644 5.8818 -1.1218 -4.5667 -3.3386 1.8315 0.1815 1.6425 -2.9372 5.8496 -1.3731 
clear
gstate $g
if {[check_session]} return
translate 0 90
scale 0.03
text 15 0 0 {COOLED M=5.6569 DECAY=1.000}
text 15 0 -100 TARGET=-1
text 15 0 -200 BEST=0.1511
text 15 0 -300 GENERATION=13
text 15 0 -500 PARENTS=-9266128936674546510708803659540666989570440318463045266854634092789923316019634195319186364987354661410697604753167801167177259691798259274535313963828899395054512892298208739898816592182784001477532694415068917387837429455519744.00
gstate $h
dot 15 -0.2376 -0.0821 -0.1176 0.4852 0.1488 0.0557 -0.3958 0.9222 -0.7980 -0.9782 -0.9445 0.8896 0.4225 0.6841 1.1857 -0.6904 0.3057 -0.3307 -1.1275 -0.7793 1.2463 -0.7037 -0.9219 1.3014 0.9081 -0.6538 0.0138 -1.5295 0.8981 1.4471 1.3511 1.1615 -0.8927 0.7974 0.4638 -0.3260 1.3728 0.9004 0.6088 -1.4386 
dot 15 -1.9517 0.0209 1.6929 -1.0925 -1.7865 0.1767 1.7574 -1.0166 2.6282 0.8303 -1.6188 -1.3175 3.0810 -0.6198 0.0193 2.5657 -2.0044 -0.6790 -2.7054 -0.0654 -1.0482 -3.3405 3.2718 -0.1048 2.1411 -0.6043 0.1978 -3.6930 0.0402 2.5104 -0.0528 -2.2231 -2.0092 -2.2416 -2.0664 2.6052 2.5984 2.8137 -4.2854 1.5257 
dot 15 -1.7034 -3.5632 0.1531 4.3459 1.9213 0.3693 2.0693 -1.2551 4.2054 -0.3514 -2.2356 1.1509 0.2177 4.2523 -4.0621 2.1206 2.9383 4.2574 0.2713 0.4612 -5.2079 -0.1337 4.2478 -1.2349 3.9988 3.6023 2.1630 -4.9637 4.8966 -2.3665 3.9028 4.1945 3.6521 -4.0243 -2.4454 5.3586 -5.6201 -0.9404 -4.8292 -2.0477 
dot 15 -1.4306 0.7584 -0.9737 4.2227 5.9128 0.9032 -5.8615 -1.0458 -5.3450 -1.6571 -5.7119 -1.2388 1.7371 4.9863 -2.1936 -2.4213 -5.6413 -1.3153 4.1049 -4.9868 
clear
gstate $g
if {[check_session]} return
translate 0 90
scale 0.03
text 15 0 0 {COOLED M=5.6569 DECAY=1.000}
text 15 0 -100 TARGET=-1
text 15 0 -200 BEST=0.1511
text 15 0 -300 GENERATION=14
text 15 0 -500 PARENTS=-9266128936674546510708803659540666989570440318463045266854634092789923316019634195319186364987354661410697604753167801167177259691798259274535313963828899395054512892298208739898816592182784001477532694415068917387837429455519744.00
gstate $h
dot 15 -0.2376 -0.0821 -0.1176 0.4852 0.1488 0.0557 -0.1307 0.4882 -0.3958 0.9222 -0.9813 0.2961 -0.7980 -0.9782 -0.9445 0.8896 0.4225 0.6841 1.1857 -0.6904 0.3057 -0.3307 -1.1275 -0.7793 1.2463 -0.7037 -0.9219 1.3014 0.9081 -0.6538 1.6335 0.3117 0.0138 -1.5295 0.8981 1.4471 1.3511 1.1615 -0.1422 -1.4619 
dot 15 -0.8927 0.7974 0.4638 -0.3260 1.3728 0.9004 0.6088 -1.4386 -1.8002 -1.6238 0.3112 2.5190 2.5159 1.1169 0.7576 1.6471 3.2725 1.3920 -1.6196 -2.7567 3.6049 -1.1721 1.8582 -1.7464 -3.5277 -1.6726 3.9330 -0.2973 1.7044 -3.7733 -2.9349 -2.4637 -2.8971 -3.0680 -4.0077 1.7211 0.5473 -2.4670 0.1529 4.2469 
dot 15 1.4969 2.9847 -2.5817 1.9781 -4.3348 1.2994 4.0629 2.5721 -1.4867 4.3327 -3.1877 3.6381 -1.2978 3.8991 -0.0710 2.8592 2.8883 -2.5024 -1.8216 2.4745 -3.3052 3.3490 1.1979 -2.7715 2.9260 4.3673 4.9354 -3.3411 4.9975 1.0193 4.6028 1.6924 2.4385 0.0058 2.6018 -4.2240 -2.3454 -3.1122 -5.6523 -2.6244 
dot 15 4.6545 2.2027 2.6227 -2.0935 -4.6426 -1.7563 1.1558 4.4676 -2.1476 -1.8757 -3.9316 5.2900 -3.4931 -4.0369 4.6315 -2.9122 -4.5408 1.4222 -5.0605 -4.1379 
clear
gstate $g
if {[check_session]} return
translate 0 90
scale 0.03
text 15 0 0 {COOLED M=5.6569 DECAY=1.000}
text 15 0 -100 TARGET=-1
text 15 0 -200 BEST=0.1511
text 15 0 -300 GENERATION=15
text 15 0 -500 PARENTS=-9266128936674546510708803659540666989570440318463045266854634092789923316019634195319186364987354661410697604753167801167177259691798259274535313963828899395054512892298208739898816592182784001477532694415068917387837429455519744.00
gstate $h
dot 15 -0.2376 -0.0821 -0.1176 0.4852 0.1488 0.0557 -0.1307 0.4882 -0.3958 0.9222 -0.9813 0.2961 -0.7980 -0.9782 -0.9445 0.8896 0.4225 0.6841 1.1857 -0.6904 0.3057 -0.3307 -1.1275 -0.7793 1.2463 -0.7037 0.4159 -0.5000 -0.9219 1.3014 0.9081 -0.6538 1.6335 0.3117 0.0138 -1.5295 0.8981 1.4471 1.3511 1.1615 
dot 15 -1.7777 -0.1425 -0.1422 -1.4619 -1.0643 0.8962 -1.6779 1.7952 -0.8036 1.0916 0.8584 -0.9791 -0.5041 1.7560 3.2077 -0.6042 1.0312 -0.5707 -0.7965 -3.3210 1.9237 -0.1412 -0.3980 1.0388 2.9364 0.1265 1.9174 -3.3798 -2.1201 -3.5477 1.9479 -0.2773 1.6857 -3.4072 0.0049 -1.2304 -4.4220 0.9361 -0.9823 3.4681 
dot 15 3.8104 -0.6138 1.2493 -2.8523 -1.9109 -1.7012 2.8038 -1.1176 3.9652 1.3194 3.7174 2.9137 0.3449 1.3850 -4.5820 -1.5491 2.4236 2.9261 5.1592 0.9117 -4.8140 2.2756 -0.1198 -5.5787 0.5721 0.0082 -4.6558 -1.0270 1.4682 -5.0927 -0.3063 3.6808 4.5234 3.0188 4.9688 1.4090 -3.4641 1.8499 -4.4321 2.6302 
dot 15 5.6065 2.1043 -3.8859 0.4444 5.7691 -2.0969 5.5593 1.2436 -1.2263 1.0069 5.5642 2.7007 0.7115 -5.4658 4.0507 -0.4165 5.7863 1.9151 4.4919 3.4878 
clear
gstate $g
if {[check_session]} return
translate 0 90
scale 0.03
text 15 0 0 {COOLED M=5.6569 DECAY=1.000}
text 15 0 -100 TARGET=-1
text 15 0 -200 BEST=0.1511
text 15 0 -300 GENERATION=16
text 15 0 -500 PARENTS=-9266128936674546510708803659540666989570440318463045266854634092789923316019634195319186364987354661410697604753167801167177259691798259274535313963828899395054512892298208739898816592182784001477532694415068917387837429455519744.00
gstate $h
dot 15 -0.2376 -0.0821 -0.0636 -0.3684 -0.1176 0.4852 0.1488 0.0557 -0.1307 0.4882 -0.3958 0.9222 -0.9813 0.2961 -0.7980 -0.9782 -0.9445 0.8896 0.4225 0.6841 1.1857 -0.6904 0.3057 -0.3307 -1.1275 -0.7793 1.2463 -0.7037 0.4159 -0.5000 -0.9219 1.3014 0.9081 -0.6538 1.6335 0.3117 0.0138 -1.5295 0.8981 1.4471 
dot 15 1.3511 1.1615 1.3615 -0.9626 -0.5275 -1.4606 -1.8732 0.9534 1.0331 0.2368 1.5729 -1.3884 -1.8343 -1.4357 -0.6920 -2.5122 -1.8506 2.1331 0.5932 -0.7933 -1.0526 1.8794 -2.1323 1.0226 -3.1696 1.3396 -0.2573 -0.0052 2.0017 2.8098 3.6084 -1.5214 -1.0048 -0.9640 -3.6977 -0.2364 1.8244 -1.7324 0.2869 -2.8753 
dot 15 -3.3156 -1.1844 1.9450 -2.0347 3.9753 -1.1040 3.6018 1.2070 1.3904 -2.3977 2.7459 -0.7583 -4.2055 -2.6174 -4.7205 0.7175 -3.2903 -3.9885 0.6221 2.6190 1.8122 -3.0345 -1.1592 -3.9041 3.4109 -3.2954 -0.5990 -5.7154 -1.9903 -5.3970 1.7412 -5.3332 -1.9875 -3.7289 3.0384 4.3553 3.8161 -0.9037 2.5330 4.6095 
dot 15 -0.7524 5.5554 1.9071 5.0569 4.7418 2.9621 -2.2377 3.8499 -2.8965 -0.2534 4.1947 -4.6304 -0.7330 5.6653 -2.8649 -0.4005 -5.3693 1.0347 5.2174 4.2617 
clear
gstate $g
if {[check_session]} return
translate 0 90
scale 0.03
text 15 0 0 {COOLED M=5.6569 DECAY=1.000}
text 15 0 -100 TARGET=-1
text 15 0 -200 BEST=0.1511
text 15 0 -300 GENERATION=17
text 15 0 -500 PARENTS=-9266128936674546510708803659540666989570440318463045266854634092789923316019634195319186364987354661410697604753167801167177259691798259274535313963828899395054512892298208739898816592182784001477532694415068917387837429455519744.00
gstate $h
dot 15 -0.2376 -0.0821 -0.0636 -0.3684 -0.1176 0.4852 0.1488 0.0557 0.2030 0.3688 -0.1307 0.4882 -0.3958 0.9222 -0.7242 -0.5442 -0.9813 0.2961 -0.7980 -0.9782 -0.9445 0.8896 0.4225 0.6841 1.1857 -0.6904 0.3057 -0.3307 -1.1275 -0.7793 1.2463 -0.7037 0.4159 -0.5000 -0.9219 1.3014 0.9081 -0.6538 1.6335 0.3117 
dot 15 0.0138 -1.5295 0.8981 1.4471 -1.1179 1.4884 1.3842 -1.2545 -0.2119 -2.9979 0.1889 -2.4538 0.3845 0.2984 -0.3452 2.5099 1.7218 -2.9945 0.1452 3.6793 -2.9922 2.3666 1.0376 -3.7203 -1.1159 3.6334 3.5228 1.4643 -2.1205 -1.3050 -3.8537 -1.1835 -1.6971 3.6648 0.3498 -4.2133 -2.3360 1.6661 4.2369 -1.0591 
dot 15 -1.3549 -2.1091 0.5476 -2.8876 -4.0448 1.6619 2.9116 -3.8966 -2.0980 4.6951 5.0629 -0.4850 2.0991 2.9957 -4.1865 -1.1566 0.8750 2.1090 2.8874 -1.6790 -0.8090 2.9322 -4.1821 -0.2336 -3.8937 -1.3367 3.9108 -4.2937 -1.2526 -2.5652 1.7865 -5.7797 -3.1438 2.3670 4.2126 0.9944 4.0273 -4.3444 1.0403 4.0493 
dot 15 4.5169 2.1290 3.6258 -3.7063 -0.1224 2.1476 5.2168 -3.0316 -5.7726 -2.3427 4.1836 4.2202 -5.6585 -3.1596 -1.8024 -0.7119 0.7016 -4.3818 2.3834 6.0327 
clear
gstate $g
if {[check_session]} return
translate 0 90
scale 0.03
text 15 0 0 {COOLED M=5.6569 DECAY=1.000}
text 15 0 -100 TARGET=-1
text 15 0 -200 BEST=0.1511
text 15 0 -300 GENERATION=18
text 15 0 -500 PARENTS=-9266128936674546510708803659540666989570440318463045266854634092789923316019634195319186364987354661410697604753167801167177259691798259274535313963828899395054512892298208739898816592182784001477532694415068917387837429455519744.00
gstate $h
dot 15 -0.2376 -0.0821 -0.0636 -0.3684 -0.3684 0.2235 -0.1176 0.4852 0.1488 0.0557 0.2030 0.3688 -0.1307 0.4882 -0.3958 0.9222 -0.7242 -0.5442 -0.9813 0.2961 -0.7980 -0.9782 -0.9445 0.8896 0.4225 0.6841 1.1857 -0.6904 0.3057 -0.3307 -1.1275 -0.7793 1.2463 -0.7037 0.4159 -0.5000 -0.9219 1.3014 0.9081 -0.6538 
dot 15 1.6335 0.3117 -1.2370 1.3730 1.4255 1.9586 0.1200 1.5071 -1.7709 0.2025 3.0968 -0.6289 0.7657 -3.2364 2.2538 -2.2178 2.6982 -0.8971 1.3697 -3.3407 0.0730 4.0243 2.6375 2.6679 -2.5964 3.3744 -1.6916 -2.8608 2.3760 4.0620 -1.5793 -1.4836 -1.5391 -4.0703 -3.9997 -1.3579 3.9816 2.4288 3.4981 -3.4375 
dot 15 5.3505 0.7693 -3.3781 0.7549 -1.8906 -3.7594 -0.6780 2.3053 -4.0405 -1.8025 3.2620 0.8574 5.5991 -0.8880 -1.0440 -0.5867 5.1001 0.1767 -0.3609 3.1571 -3.2377 -4.8054 -2.2867 -5.2509 -0.9797 -4.1707 2.9723 -0.1266 2.5997 -4.4490 0.0525 4.6856 -3.0584 5.8199 -4.9244 4.4866 -2.2641 -5.5705 5.6983 3.7355 
dot 15 1.4100 1.1413 2.2070 0.2749 1.4259 5.3050 -4.6575 0.4083 -4.9662 4.5500 5.4395 3.8692 -2.4917 4.6228 -5.8953 -2.1423 -6.8186 -2.5347 6.0323 1.8445 
clear
gstate $g
if {[check_session]} return
translate 0 90
scale 0.03
text 15 0 0 {COOLED M=5.6569 DECAY=1.000}
text 15 0 -100 TARGET=-1
text 15 0 -200 BEST=0.1511
text 15 0 -300 GENERATION=19
text 15 0 -500 PARENTS=-9266128936674546510708803659540666989570440318463045266854634092789923316019634195319186364987354661410697604753167801167177259691798259274535313963828899395054512892298208739898816592182784001477532694415068917387837429455519744.00
gstate $h
dot 15 -0.2376 -0.0821 -0.0636 -0.3684 -0.3684 0.2235 -0.1176 0.4852 0.1488 0.0557 0.2030 0.3688 -0.1307 0.4882 -0.3958 0.9222 -0.7242 -0.5442 -0.9813 0.2961 -0.7980 -0.9782 -0.9445 0.8896 0.4225 0.6841 1.1857 -0.6904 0.3057 -0.3307 -1.1275 -0.7793 1.2463 -0.7037 0.4159 -0.5000 -0.1749 -1.4593 -0.9219 1.3014 
dot 15 -0.1936 1.5718 0.9081 -0.6538 -1.5778 -0.0968 -0.9206 -2.0355 2.1242 0.6700 0.6075 -1.2808 1.3906 0.4925 1.3673 0.4536 -0.8885 1.5899 1.0266 -1.8066 0.9282 3.6664 3.2573 -0.7341 0.8508 1.3751 3.3553 -1.0402 3.0799 2.4633 3.3265 2.8955 1.9383 3.2888 -2.0118 0.2838 2.3942 -3.8012 4.0616 2.4987 
dot 15 -0.3157 3.1495 3.9643 -0.7043 2.4083 -2.8456 -3.0840 -4.0286 -2.2194 4.3025 -5.0489 0.6041 -3.7511 2.3301 5.2312 -0.5063 -2.1978 -4.4899 -5.3589 1.1622 -0.6110 5.4567 4.6618 -0.6033 2.1100 -5.0760 -0.4907 -1.7235 -5.0078 2.8521 -2.6669 -4.2621 3.2376 -1.7202 2.1331 5.4060 -0.0616 1.7634 -4.9269 1.9857 
dot 15 -4.5459 0.8128 -6.2618 -0.5078 3.8873 1.2407 -6.3491 0.8662 -0.6626 -6.4124 1.1659 2.2493 -1.4900 -2.2466 -5.6381 1.9145 2.2480 0.0040 5.2980 -0.4300 
clear
gstate $g
if {[check_session]} return
translate 0 90
scale 0.03
text 15 0 0 {COOLED M=5.6569 DECAY=1.000}
text 15 0 -100 TARGET=-1
text 15 0 -200 BEST=0.1511
text 15 0 -300 GENERATION=20
text 15 0 -500 PARENTS=-9266128936674546510708803659540666989570440318463045266854634092789923316019634195319186364987354661410697604753167801167177259691798259274535313963828899395054512892298208739898816592182784001477532694415068917387837429455519744.00
gstate $h
dot 15 -0.2376 -0.0821 -0.0636 -0.3684 -0.3684 0.2235 -0.1176 0.4852 0.1488 0.0557 0.2030 0.3688 -0.1307 0.4882 0.3819 0.2784 -0.3958 0.9222 -0.7242 -0.5442 -0.9813 0.2961 -0.7980 -0.9782 -0.9445 0.8896 0.4225 0.6841 1.1857 -0.6904 0.3057 -0.3307 -1.1275 -0.7793 1.2463 -0.7037 0.4159 -0.5000 -0.1749 -1.4593 
dot 15 -0.9219 1.3014 1.3563 -1.2759 0.7203 -0.3108 0.0556 -0.2933 1.8445 1.1617 -0.5445 1.5794 -1.3399 0.9924 -1.6465 -0.8415 -2.2850 2.7100 -1.3934 1.4041 -0.9940 2.9025 3.2274 -0.7544 2.8645 -1.0358 3.3757 -2.0619 3.0316 1.4817 -4.3156 -0.4698 3.2727 -2.5538 0.9109 3.9569 1.6411 0.2065 1.4487 -4.3698 
dot 15 -1.4317 -4.4110 2.7768 -3.3597 -0.5961 -1.2188 -1.0078 4.4635 -4.6067 -2.0912 -0.8248 -4.8536 1.4301 -4.8631 5.0524 -1.1265 -1.2249 -1.2128 -2.6080 -4.7936 -3.8943 1.8218 3.0422 -3.3176 -3.7546 -4.4224 -5.6415 -0.8613 0.3053 -3.7631 3.5185 -2.1663 -1.5731 -4.5869 3.5479 2.8199 -3.9436 3.9559 4.9758 -2.2115 
dot 15 -6.1798 -1.6131 -0.1020 -4.2742 5.8021 2.7254 3.7490 0.5876 5.6785 2.5657 1.8103 -6.1043 -2.2496 -0.9417 5.5901 2.6804 4.8482 -1.3171 2.7378 -0.0443 
clear
gstate $g
if {[check_session]} return
translate 0 90
scale 0.03
text 15 0 0 {COOLED M=5.6569 DECAY=1.000}
text 15 0 -100 TARGET=-1
text 15 0 -200 BEST=0.1511
text 15 0 -300 GENERATION=21
text 15 0 -500 PARENTS=-9266128936674546510708803659540666989570440318463045266854634092789923316019634195319186364987354661410697604753167801167177259691798259274535313963828899395054512892298208739898816592182784001477532694415068917387837429455519744.00
gstate $h
dot 15 -0.2376 -0.0821 -0.0636 -0.3684 -0.3684 0.2235 -0.1176 0.4852 0.1488 0.0557 0.2030 0.3688 -0.1307 0.4882 0.3819 0.2784 -0.3958 0.9222 -0.7242 -0.5442 -0.9813 0.2961 -0.7980 -0.9782 -0.9445 0.8896 0.4225 0.6841 1.1857 -0.6904 0.3057 -0.3307 -1.1275 -0.7793 1.2463 -0.7037 0.4159 -0.5000 -0.1749 -1.4593 
dot 15 -0.4059 -0.8884 1.1734 1.5364 1.7656 0.8605 1.6513 0.0321 1.9518 0.0007 -0.6353 2.3884 0.1112 -1.2988 -1.6559 -1.5165 -2.1574 1.2594 -2.4453 1.8849 -2.3410 2.7881 3.5857 0.6376 -1.8515 -1.9633 -1.5604 -0.2104 -2.2227 -2.5085 -3.3049 1.7616 0.8835 2.6559 -1.4407 -2.5671 3.4749 2.1401 -0.5254 -4.2534 
dot 15 -0.6117 4.4237 -2.4257 3.6574 0.4917 -0.4784 1.0946 4.0815 1.8490 0.0491 -3.2645 -0.0046 3.5214 -2.1501 1.7444 -4.3864 1.6130 0.6437 -1.1072 4.4458 -0.7597 3.0672 -0.6217 -1.1278 -3.1795 0.4661 -0.9013 -4.9164 -1.9562 4.5529 -5.0032 0.5847 4.0516 2.3796 3.2985 3.5383 -1.3789 4.9593 -3.8957 0.2999 
dot 15 -4.7139 2.9242 -2.9510 4.5087 0.9101 2.0984 -3.7861 3.9934 -5.6054 1.4692 5.5741 0.3179 1.9157 2.4072 -3.4178 -0.0530 -0.6399 2.7482 2.4134 -0.1491 
gstate $g
if {[check_session]} return
