notice "Gaussian bowl, fixed annealing schedule"
set g [gstate]
scale 2.500 2.500
translate 20.000 20.000
set h [gstate]
clear
gstate $g
if {[check_session]} return
translate 0 90
scale 0.03
text 15 0 0 {COOLED M=5.6569 DECAY=0.800}
text 15 0 -100 TARGET=-1
text 15 0 -200 BEST=3.277
text 15 0 -300 GENERATION=0
text 15 0 -500 PARENTS=-9266128936674546510708803659540666989570440318463045266854634092789923316019634195319186364987354661410697604753167801167177259691798259274535313963828899395054512892298208739898816592182784001477532694415068917387837429455519744.00
gstate $h
dot 15 1.8055 -0.0781 1.7046 1.6715 0.5861 2.0917 -2.0462 -1.3406 2.0342 1.8594 1.7498 -3.1213 -0.7367 -3.8434 -2.8537 4.1849 3.0074 2.6148 3.0858 1.0255 0.1349 -3.9501 -1.9120 5.6807 5.9263 -1.2902 0.8188 -6.1822 -4.2043 -3.8597 -0.1722 -6.1442 7.0442 0.3990 -3.8779 -5.9094 -3.1908 -6.2719 7.0950 0.4902 
dot 15 -5.5853 -2.3606 -4.8335 6.4542 1.8796 -7.2130 -4.1171 5.7406 7.4511 3.3439 -7.7341 1.3358 2.8825 7.8641 -2.9064 6.4709 5.4106 -6.5500 -8.4543 -0.5745 -6.6853 6.2415 8.9314 2.0733 5.8114 -6.8837 3.1312 8.8200 -5.5903 -7.2568 7.9352 -4.7512 -8.4620 -1.0606 2.1705 9.4322 -3.5583 -8.7063 1.9672 -10.1910 
dot 15 -6.4812 -8.0739 -4.6310 -8.7470 -1.0573 -9.6200 -3.6150 9.5006 -1.0011 -10.2187 3.7705 10.1797 -8.4456 -5.0345 9.0274 -6.3108 -8.3156 -7.7819 -8.7268 -6.4812 9.4343 -6.7400 -10.2645 -6.4980 -9.7634 -7.2496 5.6526 9.8396 7.0410 10.5001 0.8088 12.3157 2.0473 -11.8229 4.0316 11.4526 -10.7028 7.0534 -8.8810 8.6952 
dot 15 -7.1048 -11.0070 1.0028 12.8797 -4.7497 12.0467 -6.5224 -11.6570 -8.3483 -10.1554 -5.7186 12.2041 -13.1748 1.0510 -12.5264 -5.2824 -8.6995 -11.0443 5.9362 -12.8760 
clear
gstate $g
if {[check_session]} return
translate 0 90
scale 0.03
text 15 0 0 {COOLED M=4.5255 DECAY=0.800}
text 15 0 -100 TARGET=-1
text 15 0 -200 BEST=1.116
text 15 0 -300 GENERATION=1
text 15 0 -500 PARENTS=-9266128936674546510708803659540666989570440318463045266854634092789923316019634195319186364987354661410697604753167801167177259691798259274535313963828899395054512892298208739898816592182784001477532694415068917387837429455519744.00
gstate $h
dot 15 -0.7451 -0.5561 -0.2591 -0.5126 0.1743 -0.6044 -0.1577 -0.3472 1.8055 -0.0781 0.4147 1.7724 1.3287 1.7140 -2.4222 0.1896 1.3704 -0.1490 1.3663 2.2638 1.7046 1.6715 -2.5716 1.1496 -1.6048 -1.2887 -2.3315 -1.9456 3.0002 0.0190 1.8702 -2.5888 0.5861 2.0917 -2.0462 -1.3406 0.9673 3.1950 3.1449 -1.4113 
dot 15 2.0342 1.8594 1.7498 -3.1213 -1.4014 2.6975 3.0908 -0.8269 2.0817 -0.0893 2.3123 2.3211 -0.7367 -3.8434 3.2638 -2.3822 3.8178 -0.9161 -3.0421 2.0326 1.4567 -3.8831 -2.9790 0.1903 1.2243 -4.1828 3.3334 2.9800 1.9560 1.0679 -2.6117 0.8075 -4.8468 0.3867 2.7425 -3.4495 -2.1463 3.1540 -2.8537 4.1849 
dot 15 3.0074 2.6148 -3.6361 -2.4190 -1.4141 2.0997 2.8534 0.9612 4.5573 -1.0099 3.0858 1.0255 0.1349 -3.9501 1.4903 5.1101 1.4332 4.7219 -0.3690 -2.0984 1.6207 1.5509 4.7833 1.2984 3.8572 -1.5764 1.9414 -5.1910 0.4389 -4.7831 -4.3375 -3.5382 -5.3901 -0.5862 5.3483 1.8024 -4.7373 3.2661 -2.3001 1.6397 
dot 15 1.5794 -4.3567 -1.9118 -5.0346 -4.0141 0.7532 2.0158 -5.5077 -3.9525 4.2370 -1.9120 5.6807 -0.5093 2.1369 5.9263 -1.2902 5.7406 1.4629 2.4318 -5.6119 
clear
gstate $g
if {[check_session]} return
translate 0 90
scale 0.03
text 15 0 0 {COOLED M=3.6204 DECAY=0.800}
text 15 0 -100 TARGET=-1
text 15 0 -200 BEST=0.4926
text 15 0 -300 GENERATION=2
text 15 0 -500 PARENTS=-9266128936674546510708803659540666989570440318463045266854634092789923316019634195319186364987354661410697604753167801167177259691798259274535313963828899395054512892298208739898816592182784001477532694415068917387837429455519744.00
gstate $h
dot 15 0.5588 0.4247 -0.7451 -0.5561 -0.2591 -0.5126 0.1743 -0.6044 -0.1577 -0.3472 -1.1243 0.3324 0.1685 -0.9670 0.1394 -0.2606 1.8055 -0.0781 -1.5850 0.0684 0.4147 1.7724 0.2044 -1.5690 -0.2241 -1.9646 -1.2536 1.3075 -0.8191 1.6326 0.2919 1.8185 -1.5340 -0.1293 1.3287 1.7140 1.5837 -1.4680 -0.1059 1.7220 
dot 15 1.3607 1.3387 -2.4222 0.1896 0.5983 -0.0201 0.7059 -0.7111 -2.2090 -1.0991 -2.3181 0.7528 2.0307 -1.5116 1.3704 -0.1490 0.2071 -0.8122 -0.1574 2.3270 0.8568 0.9375 1.3663 2.2638 1.9656 -1.9606 2.0300 1.6031 -1.3684 -0.1217 1.7046 1.6715 -2.5716 1.1496 -1.6048 -1.2887 2.4853 1.5794 -1.6063 -0.2839 
dot 15 -0.1729 -0.2828 2.1101 -1.1097 -2.3315 -1.9456 2.4398 0.1131 3.0002 0.0190 -3.1175 -0.7532 1.8702 -2.5888 -2.9432 -1.0209 0.5861 2.0917 -1.7253 -0.1107 -1.8624 -0.9352 0.8223 -1.4611 -2.0462 -1.3406 0.0798 0.3107 1.1122 3.1277 0.9673 3.1950 -3.1493 1.0023 2.9956 -1.4054 0.7584 -2.7046 3.1449 -1.4113 
dot 15 -1.9913 -2.9898 -1.9709 -0.2241 -0.2549 -2.8032 3.5698 -0.0477 -2.9745 2.0822 1.2195 -1.1577 0.7789 2.9818 -2.6360 -2.1542 -2.3869 2.0429 2.0179 0.5737 
clear
gstate $g
if {[check_session]} return
translate 0 90
scale 0.03
text 15 0 0 {COOLED M=2.8963 DECAY=0.800}
text 15 0 -100 TARGET=-1
text 15 0 -200 BEST=0.4926
text 15 0 -300 GENERATION=3
text 15 0 -500 PARENTS=-9266128936674546510708803659540666989570440318463045266854634092789923316019634195319186364987354661410697604753167801167177259691798259274535313963828899395054512892298208739898816592182784001477532694415068917387837429455519744.00
gstate $h
dot 15 0.5588 0.4247 0.7904 0.2633 0.7059 -0.5951 -0.7451 -0.5561 -0.7742 0.7041 -1.0838 0.3907 -0.2591 -0.5126 0.1471 -1.1599 0.1743 -0.6044 -0.1577 -0.3472 -1.1243 0.3324 0.1685 -0.9670 0.0355 1.2510 0.7937 0.8339 1.3069 -0.8158 -0.7364 -1.5000 0.1394 -0.2606 1.8055 -0.0781 0.0296 1.5948 -1.5850 0.0684 
dot 15 1.4800 0.2852 0.4147 1.7724 -1.5604 1.1353 0.2044 -1.5690 -0.2241 -1.9646 -1.2536 1.3075 -0.8191 1.6326 -0.1236 1.9835 1.8360 0.3524 0.7392 -1.4125 0.2919 1.8185 -1.5340 -0.1293 0.2136 -1.7914 1.3287 1.7140 -0.1358 2.2439 1.3103 1.7843 -0.9858 -1.4809 1.5837 -1.4680 0.0705 0.8170 -0.1059 1.7220 
dot 15 -0.1401 2.2193 -0.6922 -2.2604 -2.1483 -0.7854 -1.7517 1.0100 0.6512 1.0326 1.5504 -0.0978 0.4556 -2.5331 -0.9758 -1.3426 0.1833 -1.6164 1.2173 2.3135 2.0276 -0.0707 -2.5466 -1.1721 -0.8611 -0.9836 -1.3449 -0.8562 1.7562 1.4503 1.5859 1.3701 -2.6248 -0.3501 -2.4453 -1.8922 1.3937 2.1433 2.2530 0.2680 
dot 15 0.3775 -2.0884 0.7584 -0.5887 -0.4955 2.7671 -1.1348 -0.9231 -2.4986 -2.0353 -2.2209 -1.7639 -3.2073 -1.2949 2.4855 1.1884 1.2768 2.6893 2.7238 -1.8446 
clear
gstate $g
if {[check_session]} return
translate 0 90
scale 0.03
text 15 0 0 {COOLED M=2.3170 DECAY=0.800}
text 15 0 -100 TARGET=-1
text 15 0 -200 BEST=0.4926
text 15 0 -300 GENERATION=4
text 15 0 -500 PARENTS=-9266128936674546510708803659540666989570440318463045266854634092789923316019634195319186364987354661410697604753167801167177259691798259274535313963828899395054512892298208739898816592182784001477532694415068917387837429455519744.00
gstate $h
dot 15 0.5588 0.4247 0.4415 -0.2275 0.7904 0.2633 0.7059 -0.5951 0.1841 -0.9317 -0.7451 -0.5561 -0.9393 0.5772 1.0974 -0.2373 -0.7742 0.7041 -1.0838 0.3907 -0.2591 -0.5126 0.1471 -1.1599 -1.0996 -0.3004 0.1743 -0.6044 -0.1577 -0.3472 -1.1243 0.3324 0.1685 -0.9670 -0.0265 1.2318 1.3265 0.6103 0.0355 1.2510 
dot 15 -1.2813 0.2376 0.7937 0.8339 1.3069 -0.8158 0.4806 1.4639 0.8119 -1.1693 -0.3811 -1.5431 0.4472 -1.2526 -0.7364 -1.5000 0.1394 -0.2606 1.8055 -0.0781 0.0296 1.5948 -0.0404 1.8242 -0.8596 -0.0292 -0.0790 -0.7161 -1.5850 0.0684 -0.3208 0.3436 0.6871 0.7087 -1.5067 1.2397 0.6175 1.9117 0.8775 0.3864 
dot 15 -0.6066 1.9372 1.1486 -1.1461 -1.1875 -0.0494 -1.4049 -1.4806 0.9936 0.0401 -2.2040 -0.6348 -1.3199 -1.7656 -0.6240 -2.0211 0.2171 1.9365 -0.7116 -1.6385 2.3536 -0.9402 -1.6112 -1.8240 1.7856 0.7641 2.4536 0.0944 1.2568 -1.4581 2.6196 -0.3525 -0.8813 2.6055 -2.5660 1.1721 2.5995 -0.2677 0.4450 2.7378 
dot 15 -2.2966 0.9558 0.5660 2.7421 -1.7047 0.5981 2.5759 -0.6300 2.8166 -0.5530 2.4645 -1.4530 2.5182 -1.5125 2.5790 -0.2276 -0.9992 2.7872 2.9413 -0.3869 
clear
gstate $g
if {[check_session]} return
translate 0 90
scale 0.03
text 15 0 0 {COOLED M=1.8536 DECAY=0.800}
text 15 0 -100 TARGET=-1
text 15 0 -200 BEST=0.106
text 15 0 -300 GENERATION=5
text 15 0 -500 PARENTS=-9266128936674546510708803659540666989570440318463045266854634092789923316019634195319186364987354661410697604753167801167177259691798259274535313963828899395054512892298208739898816592182784001477532694415068917387837429455519744.00
gstate $h
dot 15 -0.0522 0.1409 0.1642 0.1834 -0.2271 0.5441 0.5588 0.4247 0.0547 0.6340 0.4415 -0.2275 0.8435 -0.3564 0.7904 0.2633 0.7059 -0.5951 0.1841 -0.9317 0.3886 0.3147 -0.7451 -0.5561 -0.0733 -1.0589 -0.9393 0.5772 1.0974 -0.2373 -0.0339 1.0968 -0.7742 0.7041 -0.3818 -0.3079 -1.0838 0.3907 -0.2591 -0.5126 
dot 15 0.1471 -1.1599 -1.0996 -0.3004 0.1743 -0.6044 -0.0300 -0.3134 -0.1577 -0.3472 -1.1243 0.3324 0.1685 -0.9670 -0.0265 1.2318 1.3265 0.6103 0.0355 1.2510 -0.0696 0.0714 1.0649 0.4819 1.2912 -0.8799 -0.6444 1.4458 -1.2797 0.1626 0.6221 -1.4143 0.0775 -0.1725 -0.2985 -1.1867 -0.8466 -1.4496 1.2896 -1.3208 
dot 15 1.0625 -0.4237 -0.7452 0.1673 1.5548 -0.6425 -0.5045 -0.3289 0.8074 1.4308 0.8647 1.3992 1.1144 -0.8774 -0.0705 -1.0412 1.4218 -1.0123 0.6364 0.0927 1.4274 -0.7826 0.1919 -0.9215 -2.0317 -0.4657 1.9320 0.9814 0.6646 -1.8859 -0.5571 1.2896 -1.6351 -0.5739 -0.3882 -1.4810 1.3190 0.1910 -0.6761 -2.1780 
dot 15 0.8106 -0.0610 0.1227 2.2730 -1.7311 1.3691 -1.4960 -0.3630 0.9582 -0.3256 -2.0783 -0.9655 1.1120 1.9469 -0.3292 0.3120 1.3907 -1.9360 -0.7626 2.0912 
clear
gstate $g
if {[check_session]} return
translate 0 90
scale 0.03
text 15 0 0 {COOLED M=1.4829 DECAY=0.800}
text 15 0 -100 TARGET=-1
text 15 0 -200 BEST=0.106
text 15 0 -300 GENERATION=6
text 15 0 -500 PARENTS=-9266128936674546510708803659540666989570440318463045266854634092789923316019634195319186364987354661410697604753167801167177259691798259274535313963828899395054512892298208739898816592182784001477532694415068917387837429455519744.00
gstate $h
dot 15 -0.0522 0.1409 -0.3585 0.0709 0.1642 0.1834 -0.2271 0.5441 -0.3869 -0.4422 0.5588 0.4247 0.0547 0.6340 0.4415 -0.2275 0.1499 0.7573 0.5119 -0.5176 -0.1858 -0.7299 0.8365 -0.1360 0.1949 0.2906 0.2707 -0.8468 0.6597 0.5486 0.8435 -0.3564 0.7904 0.2633 0.7059 -0.5951 0.1841 -0.9317 0.3886 0.3147 
dot 15 -0.2740 0.7408 -0.1245 1.0231 0.8814 0.1937 -0.7451 -0.5561 -0.0733 -1.0589 -0.9137 -0.3507 -0.9393 0.5772 -0.1725 -0.4751 -0.2593 0.2774 1.0974 -0.2373 -0.0339 1.0968 -0.7742 0.7041 0.5271 0.2593 -0.3818 -0.3079 -1.0838 0.3907 -0.2591 -0.5126 -0.3154 0.1300 -0.6698 -0.0800 0.1877 -1.2660 0.8872 -0.4790 
dot 15 -0.8674 0.6491 0.7011 0.5908 -1.2657 -0.4697 1.3760 -0.1057 -0.8378 1.1307 0.9149 -0.5304 -1.2285 0.7356 0.7357 1.2365 0.6236 -0.5548 0.0593 -1.3019 1.0183 -1.0734 -0.5863 0.5500 -0.9852 -0.4563 1.4535 0.2649 1.4575 0.5540 -1.5515 0.3941 -0.8324 1.2499 0.1988 -1.4647 -0.0753 0.3431 1.5872 0.4130 
dot 15 -1.6590 -0.0007 -0.0944 -1.5668 0.5449 0.8760 0.8347 1.3967 -0.3171 1.3198 0.2224 1.6930 1.3536 -0.5421 1.2377 0.5440 -1.8049 -0.1972 1.6940 0.3379 
clear
gstate $g
if {[check_session]} return
translate 0 90
scale 0.03
text 15 0 0 {COOLED M=1.1863 DECAY=0.800}
text 15 0 -100 TARGET=-1
text 15 0 -200 BEST=0.03907
text 15 0 -300 GENERATION=7
text 15 0 -500 PARENTS=-9266128936674546510708803659540666989570440318463045266854634092789923316019634195319186364987354661410697604753167801167177259691798259274535313963828899395054512892298208739898816592182784001477532694415068917387837429455519744.00
gstate $h
dot 15 0.0839 0.0707 -0.0522 0.1409 -0.3585 0.0709 0.1642 0.1834 0.4200 -0.0861 -0.2271 0.5441 -0.3869 -0.4422 -0.5487 -0.1946 0.1515 -0.2599 0.5588 0.4247 0.2150 -0.0783 0.4035 -0.4642 0.0616 -0.4187 -0.4044 -0.6263 0.0547 0.6340 0.4415 -0.2275 0.1499 0.7573 -0.0517 -0.7987 0.5119 -0.5176 -0.1858 -0.7299 
dot 15 0.8365 -0.1360 0.1949 0.2906 0.5165 -0.4803 0.2707 -0.8468 0.8109 -0.3764 0.6597 0.5486 0.4173 -0.7768 0.8435 -0.3564 0.7904 0.2633 0.7059 -0.5951 0.1841 -0.9317 -0.3620 -0.7969 0.3886 0.3147 0.7711 0.1547 0.6430 0.5229 -0.5723 0.4978 -0.9779 0.2953 -0.0160 0.9286 0.3856 0.2074 0.2127 0.2715 
dot 15 -0.6931 -0.5490 -0.0881 -0.8241 1.0158 -0.5038 0.9161 0.1945 0.9800 -0.2034 0.3359 -0.3690 -1.1903 -0.0425 0.9627 0.3228 -0.4802 -0.7107 0.3439 0.9043 -0.1919 0.7165 -0.8052 0.2240 -0.3212 -0.8413 0.4592 1.0114 0.6400 0.3529 1.2401 0.1258 -1.1031 0.6728 0.3500 1.0197 1.2002 0.6314 0.3491 -1.1208 
dot 15 0.9914 0.7023 0.6005 -1.1364 -0.5991 1.2590 -0.5726 -1.1025 -0.6610 -0.8470 1.3443 -0.4197 -0.0847 1.3897 0.4898 -1.1342 -0.5633 -0.4678 0.5109 -1.3592 
clear
gstate $g
if {[check_session]} return
translate 0 90
scale 0.03
text 15 0 0 {COOLED M=0.9491 DECAY=0.800}
text 15 0 -100 TARGET=-1
text 15 0 -200 BEST=0.0223
text 15 0 -300 GENERATION=8
text 15 0 -500 PARENTS=-9266128936674546510708803659540666989570440318463045266854634092789923316019634195319186364987354661410697604753167801167177259691798259274535313963828899395054512892298208739898816592182784001477532694415068917387837429455519744.00
gstate $h
dot 15 -0.0899 0.0245 0.0839 0.0707 -0.0522 0.1409 0.2998 -0.1332 -0.1976 -0.2212 -0.3585 0.0709 0.5129 -0.0716 0.1642 0.1834 0.4200 -0.0861 -0.2271 0.5441 -0.3869 -0.4422 -0.5487 -0.1946 0.2966 -0.5289 0.1412 -0.3162 0.1515 -0.2599 -0.4111 0.4625 0.5588 0.4247 0.2150 -0.0783 0.6108 -0.2604 0.4035 -0.4642 
dot 15 0.0616 -0.4187 -0.4044 -0.6263 -0.7119 0.2230 0.0879 -0.1481 -0.7574 0.0515 0.6003 -0.1344 0.0547 0.6340 0.4415 -0.2275 -0.7374 -0.1713 0.1499 0.7573 -0.0517 -0.7987 0.3140 -0.5114 0.5119 -0.5176 0.6007 -0.5197 0.1319 -0.6160 -0.1858 -0.7299 0.8482 -0.1151 -0.7582 0.4090 -0.5330 -0.1369 -0.3016 0.5544 
dot 15 0.1896 0.2105 -0.8594 0.1528 0.8007 -0.4089 0.3888 -0.0754 -0.6430 -0.6825 0.8299 0.4478 0.8411 0.4627 -0.0888 -0.4661 -0.5775 0.1828 0.4481 -0.8293 0.6678 0.6614 -0.3598 0.1062 0.7793 0.2817 0.0867 -0.0163 0.2789 -0.7554 0.8636 -0.0142 0.1962 1.0511 -0.5250 -0.9525 -0.5818 -0.2442 0.6473 0.7323 
dot 15 0.6772 0.8613 -0.4616 -0.8632 -0.8838 -0.1780 0.1172 0.9749 0.9132 0.6073 -0.9196 0.3491 0.7720 0.1633 0.5508 -0.9063 1.0769 0.5407 -0.2890 1.1484 
clear
gstate $g
if {[check_session]} return
translate 0 90
scale 0.03
text 15 0 0 {COOLED M=0.7593 DECAY=0.800}
text 15 0 -100 TARGET=-1
text 15 0 -200 BEST=0.01914
text 15 0 -300 GENERATION=9
text 15 0 -500 PARENTS=-9266128936674546510708803659540666989570440318463045266854634092789923316019634195319186364987354661410697604753167801167177259691798259274535313963828899395054512892298208739898816592182784001477532694415068917387837429455519744.00
gstate $h
dot 15 -0.0955 0.0990 -0.0686 0.0718 -0.0899 0.0245 0.0839 0.0707 0.2888 -0.0417 -0.0522 0.1409 0.2998 -0.1332 -0.2834 0.1610 -0.1976 -0.2212 0.1693 -0.3260 -0.1038 -0.0733 0.2043 0.2287 0.3280 -0.0176 -0.3956 0.0751 -0.3585 0.0709 -0.1158 -0.5081 0.5129 -0.0716 0.3728 0.1669 0.1642 0.1834 -0.4438 -0.1327 
dot 15 0.3895 0.4029 0.4200 -0.0861 0.1222 0.5798 -0.2271 0.5441 -0.3869 -0.4422 -0.5487 -0.1946 -0.0574 0.1516 0.2966 -0.5289 -0.0807 -0.0842 -0.3157 0.0921 0.1939 -0.0829 0.1412 -0.3162 0.5654 -0.3678 0.1515 -0.2599 -0.4111 0.4625 -0.1012 -0.5890 0.3782 -0.5754 0.5588 0.4247 0.2150 -0.0783 0.6108 -0.2604 
dot 15 0.4307 -0.2384 0.4035 -0.4642 -0.3685 0.6276 -0.2010 0.3950 0.2121 -0.1337 0.1485 -0.5751 0.6788 -0.3592 0.5945 -0.0773 0.7253 0.2966 0.6148 -0.4319 0.6116 0.3664 0.2500 0.6105 0.5982 -0.4273 0.0825 -0.4594 -0.8061 -0.1837 -0.8513 -0.2468 -0.2115 0.6952 0.1314 -0.3079 0.5212 -0.2726 0.5098 0.7626 
dot 15 0.8890 0.0603 -0.8676 0.2352 -0.1620 0.3190 0.8154 0.3874 0.7551 0.2867 0.8714 -0.1645 0.5529 0.6919 0.6918 -0.4426 -0.2710 -0.3653 0.8251 -0.3634 
clear
gstate $g
if {[check_session]} return
translate 0 90
scale 0.03
text 15 0 0 {COOLED M=0.6074 DECAY=0.800}
text 15 0 -100 TARGET=-1
text 15 0 -200 BEST=0.01914
text 15 0 -300 GENERATION=10
text 15 0 -500 PARENTS=-9266128936674546510708803659540666989570440318463045266854634092789923316019634195319186364987354661410697604753167801167177259691798259274535313963828899395054512892298208739898816592182784001477532694415068917387837429455519744.00
gstate $h
dot 15 -0.0955 0.0990 -0.0686 0.0718 0.0513 0.0448 -0.0899 0.0245 0.0861 -0.1490 0.0839 0.0707 -0.0410 0.2482 0.0796 -0.0498 0.1177 -0.0158 0.2888 -0.0417 -0.0522 0.1409 0.2998 -0.1332 0.2347 0.1183 0.0919 -0.1526 0.0227 -0.2800 -0.2834 0.1610 -0.1031 -0.2356 -0.1920 -0.2572 -0.1976 -0.2212 0.0698 0.0159 
dot 15 -0.1071 0.0531 0.1693 -0.3260 -0.3661 0.0226 -0.1038 -0.0733 -0.3401 -0.1182 0.3295 -0.1458 0.2043 0.2287 0.3280 -0.0176 -0.1881 -0.0198 -0.3956 0.0751 0.1270 0.3979 -0.3585 0.0709 -0.1347 -0.4010 -0.0533 0.4661 -0.1518 -0.2701 -0.1286 -0.0120 -0.0170 -0.4288 -0.1158 -0.5081 -0.2076 0.4084 -0.5287 0.1274 
dot 15 0.5129 -0.0716 0.5339 -0.0294 0.0471 -0.4229 0.3728 0.1669 0.1642 0.1834 0.0520 0.1694 0.1658 0.2531 -0.4438 -0.1327 -0.3827 0.1814 -0.3455 0.1156 -0.5298 -0.2799 0.5375 0.1512 -0.5255 0.2616 -0.1642 -0.0211 0.2728 0.4420 -0.5890 0.2423 -0.3665 -0.1738 0.4808 -0.3902 0.0569 0.5223 -0.1230 -0.6031 
dot 15 0.1531 0.6349 0.6535 -0.1701 -0.5533 0.2632 -0.3930 -0.2472 0.0297 0.6208 0.3673 0.2046 0.5138 -0.1129 0.5079 -0.5146 -0.3283 0.2564 0.0384 0.6226 
clear
gstate $g
if {[check_session]} return
translate 0 90
scale 0.03
text 15 0 0 {COOLED M=0.4859 DECAY=0.800}
text 15 0 -100 TARGET=-1
text 15 0 -200 BEST=0.01914
text 15 0 -300 GENERATION=11
text 15 0 -500 PARENTS=-9266128936674546510708803659540666989570440318463045266854634092789923316019634195319186364987354661410697604753167801167177259691798259274535313963828899395054512892298208739898816592182784001477532694415068917387837429455519744.00
gstate $h
dot 15 -0.0955 0.0990 0.1206 -0.0424 -0.0686 0.0718 0.0513 0.0448 -0.0899 0.0245 0.0010 0.1334 -0.0444 -0.1481 0.0861 -0.1490 0.0406 -0.0348 -0.1751 -0.0660 0.0839 0.0707 0.0964 -0.0423 -0.1059 -0.1938 -0.0183 0.2394 0.0233 -0.1293 0.0326 -0.2071 -0.0410 0.2482 0.2177 0.1468 -0.1942 -0.1181 0.0358 0.2056 
dot 15 0.1560 -0.0574 0.0796 -0.0498 -0.2210 -0.1868 -0.0240 -0.0994 0.1177 -0.0158 -0.0654 0.1912 -0.1909 -0.0149 0.1764 0.1262 0.2888 -0.0417 -0.0522 0.1409 -0.0484 0.0595 -0.0348 0.3122 0.2998 -0.1332 0.2347 0.1183 -0.1741 0.2894 -0.0925 0.2801 0.0919 -0.1526 0.0227 -0.2800 -0.2834 0.1610 -0.0677 0.3103 
dot 15 0.3162 0.0548 -0.1031 -0.2356 -0.1920 -0.2572 -0.1976 -0.2212 -0.2357 0.3118 0.1563 -0.2768 0.0698 0.0159 -0.3352 -0.1307 -0.0409 -0.1064 -0.3885 -0.0690 -0.3866 -0.0504 0.3637 -0.0647 0.1189 0.2502 -0.3177 -0.0188 -0.0552 0.2569 -0.3561 0.2823 0.3671 -0.2739 -0.4551 0.0817 0.0891 -0.3454 0.2910 -0.0755 
dot 15 -0.3435 0.0696 0.4049 -0.2660 0.1129 0.2021 -0.4731 0.0541 0.2436 -0.1210 0.2429 -0.3925 0.3351 0.2687 -0.3138 -0.2578 -0.3100 -0.3896 -0.2925 -0.3913 
clear
gstate $g
if {[check_session]} return
translate 0 90
scale 0.03
text 15 0 0 {COOLED M=0.3887 DECAY=0.800}
text 15 0 -100 TARGET=-1
text 15 0 -200 BEST=0.01914
text 15 0 -300 GENERATION=12
text 15 0 -500 PARENTS=-9266128936674546510708803659540666989570440318463045266854634092789923316019634195319186364987354661410697604753167801167177259691798259274535313963828899395054512892298208739898816592182784001477532694415068917387837429455519744.00
gstate $h
dot 15 -0.0955 0.0990 0.1206 -0.0424 -0.0686 0.0718 0.0513 0.0448 -0.0899 0.0245 0.0010 0.1334 -0.0444 -0.1481 -0.0969 0.0425 0.0861 -0.1490 0.0419 0.1534 0.0406 -0.0348 0.0247 0.0808 -0.1751 -0.0660 0.0839 0.0707 0.0964 -0.0423 -0.0686 -0.1765 -0.1059 -0.1938 -0.0123 0.1393 0.0093 -0.1899 -0.1899 -0.1424 
dot 15 -0.1146 -0.1544 -0.1019 0.1466 -0.0183 0.2394 0.0233 -0.1293 -0.1215 -0.1138 0.0326 -0.2071 0.0460 0.2140 -0.0410 0.2482 0.2177 0.1468 0.1496 0.1830 0.0606 -0.1212 -0.1942 -0.1181 0.0251 -0.1470 0.0358 0.2056 0.1285 0.0946 0.1430 0.2496 0.1344 0.1518 0.3116 0.0524 -0.0328 0.2167 0.2265 -0.2080 
dot 15 -0.2298 0.1352 -0.1445 0.1556 -0.1808 0.0819 -0.0103 0.0558 -0.1473 0.3026 -0.1630 -0.3105 -0.3253 0.0343 0.2435 0.1969 0.2850 -0.1807 -0.2568 0.1841 -0.1221 -0.2092 -0.0277 0.3547 0.0612 -0.1582 -0.0935 0.3571 -0.0841 0.1185 -0.0018 -0.3081 0.2017 0.3084 0.2804 0.1318 -0.2918 0.2620 -0.2734 0.0382 
dot 15 -0.1409 -0.1030 -0.1936 -0.3761 0.3121 -0.2924 -0.3488 0.1687 -0.0208 -0.2299 -0.1786 0.4107 0.2431 0.2413 -0.0080 -0.2253 -0.1510 -0.3742 0.0393 0.0149 
clear
gstate $g
if {[check_session]} return
translate 0 90
scale 0.03
text 15 0 0 {COOLED M=0.3110 DECAY=0.800}
text 15 0 -100 TARGET=-1
text 15 0 -200 BEST=0.01384
text 15 0 -300 GENERATION=13
text 15 0 -500 PARENTS=-9266128936674546510708803659540666989570440318463045266854634092789923316019634195319186364987354661410697604753167801167177259691798259274535313963828899395054512892298208739898816592182784001477532694415068917387837429455519744.00
gstate $h
dot 15 -0.0476 0.0059 -0.0847 -0.0874 -0.0955 0.0990 0.1206 -0.0424 -0.0686 0.0718 0.0513 0.0448 -0.0899 0.0245 0.0010 0.1334 -0.0444 -0.1481 -0.0969 0.0425 0.1354 0.0804 0.1210 -0.0362 -0.1650 -0.0172 0.0861 -0.1490 0.1014 -0.1371 0.0419 0.1534 0.0406 -0.0348 0.0247 0.0808 0.1641 0.0888 -0.1751 -0.0660 
dot 15 -0.1109 0.1376 0.0839 0.0707 0.0964 -0.0423 -0.0686 -0.1765 -0.1550 0.0414 -0.1059 -0.1938 0.1932 0.0790 -0.0249 -0.0913 -0.0762 -0.1282 0.1595 -0.1510 -0.0123 0.1393 -0.0143 0.0758 0.1304 0.1895 0.0093 -0.1899 -0.1899 -0.1424 0.2229 0.0263 -0.1573 0.1602 0.0518 0.2342 -0.1235 -0.1256 -0.2032 0.0677 
dot 15 0.1049 0.0944 0.1850 -0.1460 0.1827 -0.0715 -0.1885 -0.0478 -0.1930 0.1716 0.1046 -0.1317 -0.1723 0.1717 -0.0257 0.2665 0.0487 -0.2568 -0.1113 -0.2029 0.0830 0.2691 0.1153 0.1138 0.1497 0.2449 -0.0052 -0.3026 -0.1941 -0.1749 -0.0107 0.3212 0.0769 0.3143 -0.0157 0.0837 0.1526 -0.0415 0.2379 0.1253 
dot 15 -0.0248 -0.0212 -0.2705 -0.1737 0.0412 0.2301 -0.1305 -0.1779 0.3174 -0.0871 -0.2019 0.2676 -0.3134 0.0539 0.1758 0.1924 0.0732 -0.1999 -0.1197 -0.2435 
clear
gstate $g
if {[check_session]} return
translate 0 90
scale 0.03
text 15 0 0 {COOLED M=0.2488 DECAY=0.800}
text 15 0 -100 TARGET=-1
text 15 0 -200 BEST=0.005973
text 15 0 -300 GENERATION=14
text 15 0 -500 PARENTS=-9266128936674546510708803659540666989570440318463045266854634092789923316019634195319186364987354661410697604753167801167177259691798259274535313963828899395054512892298208739898816592182784001477532694415068917387837429455519744.00
gstate $h
dot 15 -0.0691 0.0230 -0.0851 0.0045 -0.0060 0.0335 -0.0963 0.0138 -0.0809 0.0724 -0.0476 0.0059 -0.0847 -0.0874 -0.0482 0.1012 0.0583 -0.1133 -0.0955 0.0990 0.1206 -0.0424 -0.0686 0.0718 0.0513 0.0448 0.0998 0.0153 -0.0899 0.0245 0.0680 0.1298 0.0611 -0.0036 0.0010 0.1334 -0.0612 0.0342 -0.0444 -0.1481 
dot 15 -0.0969 0.0425 -0.0755 -0.1422 0.1354 0.0804 0.1210 -0.0362 -0.1650 -0.0172 0.1473 0.0259 0.1129 -0.0190 0.0861 -0.1490 0.1014 -0.1371 0.1363 0.0439 -0.0659 0.0811 0.0419 0.1534 0.0406 -0.0348 0.0247 0.0808 -0.1092 -0.1484 0.1641 0.0888 -0.0271 -0.0686 -0.1751 -0.0660 -0.0597 -0.0138 0.2003 -0.0179 
dot 15 -0.0078 -0.1056 -0.2025 0.0405 -0.0706 0.1531 -0.1911 0.0286 0.2134 0.0243 -0.1778 -0.0380 0.2234 0.0153 -0.1447 -0.1643 -0.1841 -0.0151 -0.1133 -0.0360 -0.2025 -0.1358 -0.2265 -0.0417 -0.1307 0.2210 -0.0865 0.2331 0.0307 0.2310 0.1455 -0.2070 -0.1023 0.1649 -0.0164 0.2365 -0.2022 0.1216 0.1897 -0.0761 
dot 15 0.1538 0.0087 -0.0983 -0.1804 -0.0278 0.2743 -0.1883 -0.1025 -0.2475 -0.0578 -0.2638 0.0574 0.0616 -0.2714 0.1314 0.2458 -0.1653 0.2325 0.0730 -0.1884 
clear
gstate $g
if {[check_session]} return
translate 0 90
scale 0.03
text 15 0 0 {COOLED M=0.1990 DECAY=0.800}
text 15 0 -100 TARGET=-1
text 15 0 -200 BEST=0.0009645
text 15 0 -300 GENERATION=15
text 15 0 -500 PARENTS=-9266128936674546510708803659540666989570440318463045266854634092789923316019634195319186364987354661410697604753167801167177259691798259274535313963828899395054512892298208739898816592182784001477532694415068917387837429455519744.00
gstate $h
dot 15 0.0232 -0.0122 -0.0398 -0.0256 0.0050 -0.0477 -0.0691 0.0230 0.0142 -0.0506 -0.0183 -0.0166 -0.0851 0.0045 -0.0328 0.0678 0.0350 0.0683 -0.0060 0.0335 0.0440 -0.0791 0.0317 0.0964 0.0527 0.0478 -0.0219 0.0849 0.1066 -0.0336 -0.0481 0.0688 -0.0963 0.0138 -0.0809 0.0724 -0.0476 0.0059 -0.0646 0.0584 
dot 15 -0.0722 -0.0034 -0.0847 -0.0874 0.0095 -0.1213 -0.0482 0.1012 -0.1177 0.0176 -0.0201 -0.1289 0.0583 -0.1133 -0.0955 0.0990 -0.0040 0.0159 0.1206 -0.0424 -0.0686 0.0718 0.0513 0.0448 0.0799 0.1026 0.1276 0.0175 0.0998 0.0153 -0.0899 0.0245 0.0680 0.1298 0.0126 0.0552 -0.0178 -0.1394 0.0611 -0.0036 
dot 15 0.0649 -0.1356 -0.1467 -0.0317 -0.1423 0.0508 0.0010 0.1334 -0.0612 0.0342 -0.0444 -0.1481 -0.1219 0.0626 -0.0372 0.1031 0.0392 0.0180 0.1660 0.0513 -0.1803 -0.0116 0.0438 0.0259 -0.1390 0.1063 0.1492 0.0980 -0.0240 0.0290 -0.0825 0.1306 0.0522 -0.0781 0.0360 0.1892 0.0675 -0.1447 -0.0532 0.1667 
dot 15 0.1176 0.1390 -0.1327 -0.0524 0.1444 0.1359 -0.0602 -0.1998 -0.1190 0.0232 -0.0873 0.1938 -0.1366 -0.0669 -0.0391 -0.0590 -0.2013 0.0152 0.0845 -0.0682 
clear
gstate $g
if {[check_session]} return
translate 0 90
scale 0.03
text 15 0 0 {COOLED M=0.1592 DECAY=0.800}
text 15 0 -100 TARGET=-1
text 15 0 -200 BEST=0.0006676
text 15 0 -300 GENERATION=16
text 15 0 -500 PARENTS=-9266128936674546510708803659540666989570440318463045266854634092789923316019634195319186364987354661410697604753167801167177259691798259274535313963828899395054512892298208739898816592182784001477532694415068917387837429455519744.00
gstate $h
dot 15 -0.0137 0.0015 0.0061 0.0059 0.0232 -0.0122 -0.0398 -0.0256 -0.0495 0.0011 0.0574 0.0379 -0.0120 0.0410 0.0050 -0.0477 -0.0691 0.0230 0.0142 -0.0506 -0.0566 -0.0291 -0.0096 0.0761 -0.0183 -0.0166 -0.0851 0.0045 -0.0328 0.0678 0.0350 0.0683 -0.0489 -0.0767 -0.0045 0.0400 -0.0060 0.0335 0.0440 -0.0791 
dot 15 -0.0522 0.0375 -0.0708 0.0467 -0.0109 0.0425 0.0317 0.0964 0.0495 -0.0475 0.0527 0.0478 -0.0219 0.0849 0.1066 -0.0336 -0.0481 0.0688 -0.0963 0.0138 -0.0409 -0.1066 -0.0809 0.0724 -0.0476 0.0059 -0.0646 0.0584 0.0107 0.1036 -0.0920 -0.0787 -0.0841 0.0785 0.0402 0.0673 0.0977 -0.0795 0.0079 0.0760 
dot 15 0.0122 -0.1051 -0.0024 0.1182 -0.1046 0.0869 0.0623 0.0707 0.0418 0.0582 -0.0928 -0.1090 -0.0359 -0.0091 0.1246 0.0853 0.1152 -0.0927 -0.1144 -0.0550 0.0891 0.1269 -0.0409 -0.1029 -0.0439 0.1457 -0.0749 -0.0603 0.0854 0.1392 -0.0340 0.0656 0.0634 0.0520 -0.1326 0.0560 0.1487 -0.0592 -0.0866 0.1254 
dot 15 -0.1435 -0.0875 -0.0843 0.1243 0.0153 0.1266 0.0557 0.1067 -0.1328 0.0793 0.0048 -0.0900 -0.0945 0.0425 -0.1326 -0.1336 0.1397 -0.0694 -0.0713 0.1338 
clear
gstate $g
if {[check_session]} return
translate 0 90
scale 0.03
text 15 0 0 {COOLED M=0.1274 DECAY=0.800}
text 15 0 -100 TARGET=-1
text 15 0 -200 BEST=0.0002445
text 15 0 -300 GENERATION=17
text 15 0 -500 PARENTS=-9266128936674546510708803659540666989570440318463045266854634092789923316019634195319186364987354661410697604753167801167177259691798259274535313963828899395054512892298208739898816592182784001477532694415068917387837429455519744.00
gstate $h
dot 15 0.0049 0.0104 -0.0137 0.0015 0.0061 0.0059 0.0232 -0.0122 -0.0360 -0.0115 -0.0240 0.0044 -0.0398 -0.0256 -0.0280 -0.0375 0.0472 -0.0343 -0.0655 -0.0099 0.0377 -0.0195 -0.0377 -0.0460 -0.0495 0.0011 -0.0294 -0.0572 0.0574 0.0379 0.0095 0.0344 -0.0120 0.0410 0.0050 -0.0477 -0.0691 0.0230 0.0142 -0.0506 
dot 15 -0.0566 -0.0291 -0.0384 -0.0655 0.0716 0.0273 -0.0096 0.0761 -0.0183 -0.0166 0.0720 -0.0428 -0.0851 0.0045 -0.0328 0.0678 0.0350 0.0683 -0.0489 -0.0767 -0.0628 -0.0506 -0.0898 -0.0167 -0.0045 0.0400 -0.0060 0.0335 0.0440 -0.0791 -0.0795 0.0235 -0.0176 0.1019 -0.0703 -0.0459 0.0169 0.1001 -0.0041 -0.1080 
dot 15 0.0542 0.0834 0.0759 0.0520 0.1069 -0.0410 0.0136 0.1127 -0.0445 -0.1029 -0.0421 0.0945 0.0537 -0.0767 -0.0740 -0.0153 -0.0328 0.0249 -0.0527 -0.0996 0.0781 -0.0074 0.0032 -0.1226 0.0082 0.1258 -0.0781 0.0929 -0.0923 0.0003 0.0712 -0.0657 -0.0933 -0.0940 0.0567 0.0629 0.0203 -0.0319 0.0348 -0.0612 
dot 15 0.0800 0.0422 -0.1179 -0.0280 -0.1225 0.0216 0.1123 -0.0548 -0.1016 -0.0303 -0.1150 0.0757 0.0026 -0.0781 0.0190 -0.1329 0.0880 -0.0734 -0.1036 -0.0566 
clear
gstate $g
if {[check_session]} return
translate 0 90
scale 0.03
text 15 0 0 {COOLED M=0.1019 DECAY=0.800}
text 15 0 -100 TARGET=-1
text 15 0 -200 BEST=0.0002445
text 15 0 -300 GENERATION=18
text 15 0 -500 PARENTS=-9266128936674546510708803659540666989570440318463045266854634092789923316019634195319186364987354661410697604753167801167177259691798259274535313963828899395054512892298208739898816592182784001477532694415068917387837429455519744.00
gstate $h
dot 15 0.0049 0.0104 -0.0137 0.0015 0.0061 0.0059 0.0232 -0.0122 0.0067 0.0341 -0.0360 -0.0115 -0.0411 -0.0216 -0.0240 0.0044 -0.0398 -0.0256 -0.0025 -0.0378 -0.0206 -0.0421 -0.0335 -0.0262 -0.0280 -0.0375 0.0472 -0.0343 -0.0044 -0.0537 -0.0376 0.0352 -0.0655 -0.0099 0.0377 -0.0195 -0.0377 -0.0460 -0.0495 0.0011 
dot 15 -0.0557 0.0415 -0.0294 -0.0572 0.0574 0.0379 0.0095 0.0344 -0.0120 0.0410 0.0050 -0.0477 0.0463 0.0315 -0.0691 0.0230 0.0142 -0.0506 0.0544 -0.0230 -0.0752 0.0013 0.0505 0.0574 0.0348 -0.0038 -0.0697 0.0262 0.0706 0.0510 0.0731 0.0123 -0.0754 0.0477 0.0238 0.0703 0.0631 0.0311 0.0439 -0.0132 
dot 15 -0.0563 -0.0347 -0.0317 -0.0857 -0.0441 -0.0126 0.0402 -0.0692 -0.0204 0.0160 -0.0562 0.0871 0.0152 -0.1037 -0.0784 -0.0504 -0.1068 -0.0069 -0.0680 0.0675 0.0297 -0.0480 -0.0984 -0.0021 0.0616 0.0826 0.0373 0.1133 -0.0401 0.0340 -0.0809 0.0695 -0.0772 0.0893 -0.0595 0.0108 -0.0410 -0.0528 -0.0393 -0.0056 
dot 15 0.0579 -0.0413 0.0182 -0.0465 -0.1312 -0.0175 -0.0487 0.1275 -0.0649 -0.1104 -0.0224 0.1203 0.0197 0.0256 -0.1017 0.0873 -0.0394 -0.0728 -0.0943 -0.0526 
clear
gstate $g
if {[check_session]} return
translate 0 90
scale 0.03
text 15 0 0 {COOLED M=0.0815 DECAY=0.800}
text 15 0 -100 TARGET=-1
text 15 0 -200 BEST=0.0002445
text 15 0 -300 GENERATION=19
text 15 0 -500 PARENTS=-9266128936674546510708803659540666989570440318463045266854634092789923316019634195319186364987354661410697604753167801167177259691798259274535313963828899395054512892298208739898816592182784001477532694415068917387837429455519744.00
gstate $h
dot 15 0.0049 0.0104 0.0153 -0.0070 -0.0146 -0.0081 -0.0137 0.0015 0.0061 0.0059 0.0232 -0.0122 -0.0005 0.0058 0.0067 0.0341 0.0319 -0.0125 -0.0360 -0.0115 -0.0370 -0.0006 -0.0208 -0.0363 -0.0411 -0.0216 -0.0354 -0.0109 -0.0240 0.0044 -0.0398 -0.0256 -0.0025 -0.0378 -0.0264 -0.0441 -0.0206 -0.0421 -0.0335 -0.0262 
dot 15 -0.0093 -0.0524 0.0384 -0.0320 -0.0280 -0.0375 0.0535 0.0227 -0.0111 -0.0499 0.0472 -0.0343 -0.0044 -0.0537 -0.0376 0.0352 -0.0283 -0.0291 0.0528 -0.0230 -0.0655 -0.0099 0.0377 -0.0195 -0.0377 -0.0460 -0.0495 0.0011 0.0673 -0.0006 -0.0073 -0.0615 -0.0137 0.0387 -0.0630 0.0196 -0.0537 0.0355 -0.0156 -0.0100 
dot 15 0.0633 -0.0338 0.0622 0.0360 -0.0165 -0.0704 -0.0593 -0.0375 -0.0531 -0.0590 -0.0775 -0.0270 -0.0447 0.0492 0.0421 0.0631 -0.0606 0.0378 0.0576 0.0561 0.0713 0.0503 0.0249 0.0814 -0.0860 0.0311 -0.0132 -0.0751 -0.0599 0.0727 0.0136 -0.0972 0.0829 0.0429 0.0679 -0.0565 -0.0802 -0.0563 0.0407 0.0604 
dot 15 -0.0062 -0.0985 0.0712 0.0751 0.0633 0.0829 -0.0698 -0.0238 0.0007 -0.1006 0.1022 0.0274 0.0069 -0.0428 0.0628 -0.0022 -0.0065 0.0391 -0.0043 -0.1077 
clear
gstate $g
if {[check_session]} return
translate 0 90
scale 0.03
text 15 0 0 {COOLED M=0.0652 DECAY=0.800}
text 15 0 -100 TARGET=-1
text 15 0 -200 BEST=0.000231
text 15 0 -300 GENERATION=20
text 15 0 -500 PARENTS=-9266128936674546510708803659540666989570440318463045266854634092789923316019634195319186364987354661410697604753167801167177259691798259274535313963828899395054512892298208739898816592182784001477532694415068917387837429455519744.00
gstate $h
dot 15 -0.0010 -0.0114 0.0049 0.0104 0.0153 -0.0070 -0.0146 -0.0081 -0.0233 -0.0032 -0.0137 0.0015 0.0061 0.0059 0.0232 -0.0122 -0.0005 0.0058 0.0067 0.0341 0.0164 -0.0133 -0.0005 -0.0181 0.0319 -0.0125 0.0272 -0.0286 -0.0360 -0.0115 -0.0370 -0.0006 -0.0224 -0.0054 -0.0208 -0.0363 0.0050 0.0004 -0.0411 -0.0216 
dot 15 -0.0091 0.0041 -0.0354 -0.0109 -0.0240 0.0044 -0.0398 -0.0256 0.0315 0.0201 0.0066 -0.0476 -0.0025 -0.0378 -0.0264 -0.0441 -0.0143 0.0050 -0.0156 0.0308 -0.0206 -0.0421 -0.0335 -0.0262 0.0136 0.0510 -0.0408 -0.0367 0.0200 -0.0281 0.0099 0.0154 0.0286 -0.0470 0.0495 -0.0018 0.0383 -0.0439 -0.0315 -0.0359 
dot 15 -0.0441 0.0335 0.0248 -0.0527 0.0461 -0.0378 -0.0002 0.0567 -0.0060 -0.0552 0.0250 -0.0338 0.0601 -0.0204 0.0451 0.0040 0.0523 -0.0358 0.0409 0.0525 -0.0601 0.0264 -0.0091 -0.0674 -0.0590 0.0039 0.0611 -0.0310 -0.0518 -0.0085 0.0506 0.0080 0.0648 0.0221 -0.0643 0.0355 -0.0503 0.0443 0.0442 0.0400 
dot 15 -0.0534 -0.0075 -0.0384 -0.0597 -0.0501 -0.0165 -0.0230 -0.0728 -0.0366 0.0336 0.0733 -0.0319 0.0203 -0.0757 0.0246 0.0455 -0.0015 -0.0747 0.0788 0.0108 
clear
gstate $g
if {[check_session]} return
translate 0 90
scale 0.03
text 15 0 0 {COOLED M=0.0522 DECAY=0.800}
text 15 0 -100 TARGET=-1
text 15 0 -200 BEST=0.0001587
text 15 0 -300 GENERATION=21
text 15 0 -500 PARENTS=-9266128936674546510708803659540666989570440318463045266854634092789923316019634195319186364987354661410697604753167801167177259691798259274535313963828899395054512892298208739898816592182784001477532694415068917387837429455519744.00
gstate $h
dot 15 -0.0053 0.0110 -0.0010 -0.0114 0.0049 0.0104 -0.0145 -0.0088 0.0153 -0.0070 -0.0092 0.0100 0.0174 -0.0055 0.0023 0.0167 -0.0146 -0.0081 -0.0233 -0.0032 -0.0137 0.0015 -0.0127 -0.0231 0.0061 0.0059 0.0129 -0.0043 -0.0113 0.0228 -0.0002 0.0301 0.0232 -0.0122 -0.0152 -0.0159 0.0229 0.0099 -0.0045 -0.0315 
dot 15 -0.0005 0.0058 0.0067 0.0341 0.0164 -0.0133 0.0304 0.0053 -0.0005 -0.0181 -0.0295 -0.0000 0.0319 -0.0125 -0.0061 -0.0166 0.0272 -0.0286 -0.0360 -0.0115 -0.0370 -0.0006 0.0306 -0.0173 0.0206 -0.0351 0.0010 0.0153 -0.0224 -0.0054 0.0355 -0.0240 -0.0311 0.0168 0.0005 0.0082 -0.0208 -0.0363 0.0313 -0.0324 
dot 15 0.0220 -0.0396 0.0099 0.0032 0.0114 -0.0333 0.0050 0.0004 0.0072 -0.0235 -0.0411 -0.0216 0.0055 -0.0334 0.0095 0.0295 -0.0076 -0.0445 -0.0102 -0.0437 -0.0059 -0.0329 -0.0314 -0.0245 -0.0129 -0.0457 0.0012 0.0021 -0.0118 0.0426 0.0231 0.0022 0.0484 -0.0179 0.0389 0.0307 0.0205 0.0157 0.0503 -0.0158 
dot 15 -0.0078 0.0334 0.0432 0.0178 0.0264 -0.0401 -0.0437 0.0288 0.0097 -0.0032 0.0373 0.0411 0.0270 -0.0024 0.0583 0.0081 -0.0006 -0.0510 -0.0469 0.0397 
clear
gstate $g
if {[check_session]} return
translate 0 90
scale 0.03
text 15 0 0 {COOLED M=0.0417 DECAY=0.800}
text 15 0 -100 TARGET=-1
text 15 0 -200 BEST=0.0001136
text 15 0 -300 GENERATION=22
text 15 0 -500 PARENTS=-9266128936674546510708803659540666989570440318463045266854634092789923316019634195319186364987354661410697604753167801167177259691798259274535313963828899395054512892298208739898816592182784001477532694415068917387837429455519744.00
gstate $h
dot 15 0.0056 0.0091 -0.0053 0.0110 -0.0073 -0.0055 -0.0010 -0.0114 -0.0067 0.0132 0.0049 0.0104 0.0161 0.0043 -0.0145 -0.0088 0.0153 -0.0070 -0.0092 0.0100 0.0174 -0.0055 0.0023 0.0167 -0.0044 -0.0118 -0.0024 0.0213 -0.0146 -0.0081 -0.0216 -0.0060 -0.0233 -0.0032 -0.0137 0.0015 0.0204 0.0023 -0.0166 -0.0047 
dot 15 -0.0127 -0.0231 0.0138 -0.0207 0.0061 0.0059 0.0224 -0.0090 0.0129 -0.0043 -0.0113 0.0228 0.0227 -0.0062 -0.0080 0.0295 -0.0002 0.0301 0.0232 -0.0122 -0.0152 -0.0159 0.0304 0.0058 0.0229 0.0099 0.0179 -0.0037 -0.0045 -0.0315 0.0131 0.0122 -0.0226 -0.0027 0.0199 -0.0164 -0.0317 -0.0124 0.0237 0.0264 
dot 15 -0.0092 -0.0338 -0.0219 0.0240 0.0223 0.0293 0.0102 0.0311 0.0303 -0.0150 -0.0281 0.0282 0.0063 -0.0342 0.0156 -0.0367 0.0196 -0.0303 0.0438 0.0063 0.0164 -0.0288 0.0296 -0.0195 -0.0118 -0.0297 0.0346 -0.0194 -0.0189 -0.0383 -0.0062 -0.0207 0.0202 -0.0424 -0.0089 -0.0128 0.0009 -0.0407 -0.0476 0.0023 
dot 15 0.0183 -0.0008 0.0397 0.0265 -0.0413 0.0177 0.0154 0.0291 -0.0008 -0.0350 0.0031 0.0205 0.0151 -0.0186 0.0063 -0.0412 -0.0446 -0.0178 -0.0398 -0.0359 
clear
gstate $g
if {[check_session]} return
translate 0 90
scale 0.03
text 15 0 0 {COOLED M=0.0334 DECAY=0.800}
text 15 0 -100 TARGET=-1
text 15 0 -200 BEST=6.911E-05
text 15 0 -300 GENERATION=23
text 15 0 -500 PARENTS=-9266128936674546510708803659540666989570440318463045266854634092789923316019634195319186364987354661410697604753167801167177259691798259274535313963828899395054512892298208739898816592182784001477532694415068917387837429455519744.00
gstate $h
dot 15 -0.0060 0.0007 -0.0008 -0.0024 -0.0040 0.0041 -0.0060 -0.0075 0.0056 0.0091 0.0123 0.0000 -0.0053 0.0110 0.0061 -0.0003 -0.0073 -0.0055 -0.0031 0.0118 -0.0010 -0.0114 -0.0067 0.0132 0.0049 0.0104 0.0161 0.0043 -0.0145 -0.0088 0.0153 -0.0070 -0.0181 0.0000 0.0159 0.0008 -0.0092 0.0100 0.0174 -0.0055 
dot 15 0.0023 0.0167 -0.0044 -0.0118 -0.0024 0.0213 -0.0146 -0.0081 -0.0216 -0.0060 -0.0011 -0.0097 0.0051 0.0223 -0.0233 -0.0032 -0.0105 -0.0094 0.0216 0.0093 -0.0137 0.0015 0.0204 0.0023 -0.0166 -0.0047 -0.0218 -0.0018 0.0092 0.0233 0.0069 0.0067 0.0065 -0.0229 0.0004 -0.0202 -0.0234 0.0165 -0.0284 -0.0011 
dot 15 -0.0016 -0.0188 0.0067 0.0255 0.0175 -0.0185 0.0081 -0.0232 -0.0292 -0.0111 0.0170 0.0265 -0.0210 -0.0241 0.0224 -0.0255 0.0284 -0.0186 -0.0051 -0.0061 0.0115 0.0257 0.0165 0.0190 0.0295 -0.0170 0.0259 -0.0215 -0.0324 -0.0138 -0.0093 -0.0319 -0.0108 -0.0318 -0.0250 -0.0145 0.0089 0.0216 0.0029 -0.0363 
dot 15 -0.0025 -0.0321 -0.0092 -0.0276 -0.0093 0.0212 0.0287 0.0197 0.0044 0.0294 0.0265 0.0207 0.0314 0.0200 0.0205 0.0080 0.0349 -0.0159 -0.0243 -0.0047 
clear
gstate $g
if {[check_session]} return
translate 0 90
scale 0.03
text 15 0 0 {COOLED M=0.0267 DECAY=0.800}
text 15 0 -100 TARGET=-1
text 15 0 -200 BEST=2.422E-05
text 15 0 -300 GENERATION=24
text 15 0 -500 PARENTS=-9266128936674546510708803659540666989570440318463045266854634092789923316019634195319186364987354661410697604753167801167177259691798259274535313963828899395054512892298208739898816592182784001477532694415068917387837429455519744.00
gstate $h
dot 15 -0.0002 -0.0048 -0.0011 -0.0002 0.0003 0.0054 0.0071 -0.0020 -0.0060 0.0007 -0.0008 -0.0024 0.0029 -0.0008 -0.0040 0.0041 -0.0060 -0.0075 0.0056 0.0091 0.0123 0.0000 -0.0053 0.0110 0.0061 -0.0003 -0.0073 -0.0055 -0.0031 0.0118 -0.0142 0.0043 -0.0009 0.0019 -0.0010 -0.0114 0.0153 0.0004 0.0015 0.0151 
dot 15 -0.0067 0.0132 0.0049 0.0104 -0.0138 0.0023 -0.0058 -0.0145 -0.0045 0.0121 0.0161 0.0043 -0.0028 -0.0145 -0.0000 0.0085 -0.0145 -0.0088 0.0127 -0.0127 0.0153 -0.0070 -0.0181 0.0000 0.0005 -0.0161 0.0157 -0.0057 0.0159 0.0008 0.0072 0.0005 0.0162 -0.0078 0.0091 -0.0170 -0.0059 0.0071 -0.0164 0.0091 
dot 15 -0.0092 0.0100 0.0039 -0.0111 0.0174 -0.0055 0.0058 0.0197 0.0115 -0.0115 -0.0039 -0.0204 0.0203 0.0078 0.0095 -0.0171 -0.0155 -0.0064 -0.0107 -0.0090 0.0106 0.0218 -0.0084 0.0209 -0.0226 0.0027 0.0196 -0.0100 0.0024 0.0174 -0.0279 -0.0059 0.0085 -0.0008 0.0278 0.0082 0.0042 -0.0250 0.0111 0.0162 
dot 15 -0.0006 -0.0294 0.0142 0.0193 0.0276 -0.0001 0.0134 0.0112 -0.0237 0.0075 0.0032 0.0111 -0.0269 -0.0057 -0.0111 -0.0304 -0.0315 -0.0032 -0.0038 0.0321 
clear
gstate $g
if {[check_session]} return
translate 0 90
scale 0.03
text 15 0 0 {COOLED M=0.0214 DECAY=0.800}
text 15 0 -100 TARGET=-1
text 15 0 -200 BEST=2.018E-05
text 15 0 -300 GENERATION=25
text 15 0 -500 PARENTS=-9266128936674546510708803659540666989570440318463045266854634092789923316019634195319186364987354661410697604753167801167177259691798259274535313963828899395054512892298208739898816592182784001477532694415068917387837429455519744.00
gstate $h
dot 15 -0.0015 -0.0042 -0.0002 -0.0048 -0.0011 -0.0002 0.0031 0.0021 0.0003 0.0054 0.0031 -0.0060 -0.0013 -0.0058 0.0071 -0.0020 -0.0060 0.0007 -0.0008 -0.0024 -0.0029 -0.0060 0.0029 -0.0008 -0.0040 0.0041 -0.0060 -0.0075 0.0056 0.0091 0.0123 0.0000 -0.0053 0.0110 0.0061 -0.0003 0.0044 0.0084 -0.0042 0.0093 
dot 15 -0.0108 0.0048 -0.0073 -0.0055 -0.0031 0.0118 -0.0024 -0.0144 -0.0142 0.0043 0.0129 0.0077 -0.0009 0.0019 -0.0010 -0.0114 0.0153 0.0004 0.0015 0.0151 0.0065 0.0069 0.0126 0.0103 -0.0025 0.0038 -0.0026 -0.0018 -0.0160 0.0045 -0.0128 -0.0103 0.0091 -0.0034 -0.0027 -0.0170 0.0124 -0.0095 -0.0083 0.0097 
dot 15 0.0141 0.0122 0.0024 0.0189 -0.0120 0.0012 0.0038 -0.0038 -0.0009 0.0168 -0.0032 -0.0119 -0.0202 -0.0061 0.0085 0.0027 -0.0152 0.0148 -0.0013 0.0221 0.0178 0.0025 0.0206 0.0083 0.0128 0.0136 -0.0000 0.0139 -0.0199 0.0074 -0.0179 0.0136 -0.0041 -0.0214 -0.0124 0.0023 -0.0091 0.0154 -0.0042 -0.0106 
dot 15 -0.0049 0.0105 0.0113 0.0079 0.0225 0.0078 0.0046 -0.0235 -0.0203 -0.0133 -0.0194 0.0126 -0.0214 0.0118 0.0245 0.0016 -0.0116 -0.0004 -0.0098 -0.0082 
clear
gstate $g
if {[check_session]} return
translate 0 90
scale 0.03
text 15 0 0 {COOLED M=0.0171 DECAY=0.800}
text 15 0 -100 TARGET=-1
text 15 0 -200 BEST=2.018E-05
text 15 0 -300 GENERATION=26
text 15 0 -500 PARENTS=-9266128936674546510708803659540666989570440318463045266854634092789923316019634195319186364987354661410697604753167801167177259691798259274535313963828899395054512892298208739898816592182784001477532694415068917387837429455519744.00
gstate $h
dot 15 -0.0015 -0.0042 -0.0002 -0.0048 -0.0011 -0.0002 0.0031 0.0021 0.0003 0.0054 0.0066 -0.0017 0.0031 -0.0060 -0.0019 0.0069 -0.0013 -0.0058 0.0071 -0.0020 -0.0060 0.0007 -0.0008 -0.0024 -0.0029 -0.0060 0.0029 -0.0008 0.0042 0.0018 -0.0040 0.0041 -0.0060 -0.0075 0.0056 0.0091 -0.0072 0.0079 -0.0111 -0.0012 
dot 15 0.0078 0.0066 -0.0104 -0.0052 0.0123 0.0000 0.0061 0.0075 -0.0053 0.0110 0.0122 -0.0020 0.0061 -0.0003 0.0044 0.0084 -0.0057 0.0057 -0.0042 0.0093 0.0024 0.0131 -0.0132 0.0033 0.0129 -0.0047 -0.0070 -0.0006 -0.0121 -0.0009 0.0027 0.0127 0.0109 -0.0070 -0.0021 -0.0055 0.0094 0.0017 0.0086 -0.0034 
dot 15 -0.0051 -0.0067 -0.0058 -0.0151 -0.0091 0.0138 -0.0159 -0.0016 0.0077 0.0017 0.0099 -0.0113 -0.0083 0.0149 -0.0009 -0.0141 -0.0171 -0.0034 -0.0035 0.0159 0.0002 0.0178 -0.0060 0.0168 -0.0123 -0.0131 0.0152 0.0004 0.0142 0.0036 0.0135 0.0070 -0.0061 0.0093 -0.0187 0.0041 -0.0163 0.0053 -0.0185 0.0046 
dot 15 -0.0064 -0.0164 -0.0096 -0.0172 -0.0176 0.0060 0.0007 -0.0202 -0.0022 0.0201 -0.0205 -0.0004 0.0021 0.0207 0.0169 0.0128 0.0186 -0.0048 -0.0036 -0.0190 
clear
gstate $g
if {[check_session]} return
translate 0 90
scale 0.03
text 15 0 0 {COOLED M=0.0137 DECAY=0.800}
text 15 0 -100 TARGET=-1
text 15 0 -200 BEST=9.783E-06
text 15 0 -300 GENERATION=27
text 15 0 -500 PARENTS=-9266128936674546510708803659540666989570440318463045266854634092789923316019634195319186364987354661410697604753167801167177259691798259274535313963828899395054512892298208739898816592182784001477532694415068917387837429455519744.00
gstate $h
dot 15 -0.0013 0.0018 -0.0015 -0.0042 -0.0002 -0.0048 -0.0011 -0.0002 0.0031 0.0021 -0.0010 -0.0002 0.0003 0.0054 -0.0048 -0.0020 -0.0025 -0.0020 0.0019 0.0034 -0.0052 -0.0019 0.0066 -0.0017 0.0031 -0.0060 -0.0014 -0.0029 -0.0019 0.0069 -0.0028 0.0050 0.0064 -0.0027 -0.0013 -0.0058 0.0071 -0.0020 -0.0009 -0.0061 
dot 15 -0.0060 0.0007 0.0007 -0.0065 -0.0008 -0.0024 -0.0029 -0.0060 -0.0050 0.0065 -0.0006 -0.0089 0.0022 0.0085 0.0029 -0.0008 0.0042 0.0018 -0.0040 0.0041 -0.0008 -0.0096 -0.0060 -0.0075 0.0007 -0.0021 -0.0001 0.0043 0.0046 -0.0086 -0.0087 -0.0039 -0.0088 0.0040 -0.0058 0.0066 -0.0068 -0.0011 -0.0076 -0.0031 
dot 15 0.0056 0.0091 -0.0072 0.0079 -0.0029 0.0086 -0.0044 -0.0096 -0.0111 -0.0012 0.0047 -0.0054 -0.0116 0.0002 -0.0105 -0.0031 -0.0099 0.0068 0.0078 0.0026 -0.0019 0.0070 -0.0039 0.0045 -0.0040 -0.0007 0.0071 0.0057 0.0107 0.0071 0.0078 -0.0011 0.0090 0.0098 -0.0065 -0.0122 0.0026 -0.0099 0.0134 -0.0035 
dot 15 -0.0104 -0.0097 0.0095 -0.0102 0.0147 -0.0021 0.0098 -0.0107 -0.0027 0.0150 -0.0068 0.0112 -0.0029 0.0123 -0.0127 -0.0066 0.0097 -0.0101 0.0109 0.0091 
clear
gstate $g
if {[check_session]} return
translate 0 90
scale 0.03
text 15 0 0 {COOLED M=0.0109 DECAY=0.800}
text 15 0 -100 TARGET=-1
text 15 0 -200 BEST=5.472E-06
text 15 0 -300 GENERATION=28
text 15 0 -500 PARENTS=-9266128936674546510708803659540666989570440318463045266854634092789923316019634195319186364987354661410697604753167801167177259691798259274535313963828899395054512892298208739898816592182784001477532694415068917387837429455519744.00
gstate $h
dot 15 0.0018 -0.0012 -0.0013 0.0018 0.0023 0.0016 -0.0015 -0.0042 -0.0038 0.0013 -0.0037 -0.0027 0.0027 -0.0034 -0.0002 -0.0048 -0.0011 -0.0002 0.0040 0.0036 0.0031 0.0021 -0.0010 -0.0002 -0.0013 0.0018 0.0003 0.0054 -0.0048 -0.0020 0.0022 0.0053 -0.0000 0.0043 0.0050 -0.0030 -0.0025 -0.0020 -0.0036 -0.0056 
dot 15 0.0028 0.0060 0.0019 0.0034 -0.0052 -0.0019 0.0066 -0.0017 0.0009 0.0046 0.0031 -0.0060 -0.0014 -0.0029 -0.0019 0.0069 -0.0007 0.0074 -0.0028 0.0050 0.0055 0.0053 -0.0063 0.0007 0.0064 -0.0027 -0.0013 -0.0058 0.0004 0.0009 -0.0038 -0.0043 0.0071 -0.0020 -0.0009 -0.0061 0.0046 0.0074 0.0029 -0.0032 
dot 15 -0.0003 0.0013 -0.0071 -0.0048 0.0013 0.0024 -0.0105 0.0016 0.0019 0.0092 -0.0055 -0.0015 0.0039 0.0069 -0.0056 0.0028 0.0024 0.0101 -0.0048 0.0088 0.0101 -0.0018 0.0034 -0.0080 -0.0053 0.0076 0.0054 0.0071 0.0081 -0.0081 -0.0074 -0.0089 0.0049 -0.0093 -0.0049 0.0004 0.0074 -0.0063 -0.0095 0.0008 
dot 15 -0.0032 -0.0088 0.0108 0.0010 -0.0020 0.0090 0.0122 -0.0029 0.0002 0.0121 -0.0126 0.0002 -0.0121 -0.0057 0.0106 0.0041 -0.0078 0.0105 -0.0075 0.0063 
clear
gstate $g
if {[check_session]} return
translate 0 90
scale 0.03
text 15 0 0 {COOLED M=0.0088 DECAY=0.800}
text 15 0 -100 TARGET=-1
text 15 0 -200 BEST=4.438E-06
text 15 0 -300 GENERATION=29
text 15 0 -500 PARENTS=-9266128936674546510708803659540666989570440318463045266854634092789923316019634195319186364987354661410697604753167801167177259691798259274535313963828899395054512892298208739898816592182784001477532694415068917387837429455519744.00
gstate $h
dot 15 0.0003 0.0012 0.0018 -0.0012 -0.0013 0.0018 0.0013 0.0027 -0.0001 0.0036 0.0026 -0.0006 0.0023 0.0016 0.0005 0.0041 0.0024 0.0003 0.0025 0.0003 -0.0001 -0.0043 -0.0015 -0.0042 -0.0015 0.0008 -0.0006 0.0007 -0.0038 0.0013 -0.0037 -0.0027 0.0027 -0.0034 -0.0045 -0.0006 -0.0002 -0.0048 -0.0011 -0.0002 
dot 15 0.0005 -0.0007 -0.0033 0.0039 0.0040 0.0036 0.0031 0.0021 -0.0010 -0.0002 -0.0013 0.0018 -0.0053 -0.0005 0.0013 -0.0055 0.0003 0.0054 -0.0048 -0.0020 0.0022 0.0053 0.0040 0.0012 0.0042 0.0035 -0.0000 0.0043 0.0050 -0.0030 -0.0011 0.0063 0.0060 -0.0016 -0.0025 -0.0020 0.0001 -0.0037 -0.0036 -0.0056 
dot 15 -0.0057 -0.0014 0.0049 -0.0044 -0.0048 -0.0051 -0.0058 -0.0041 -0.0029 0.0066 0.0060 -0.0010 0.0063 -0.0030 0.0039 0.0065 0.0065 -0.0030 0.0052 0.0019 -0.0032 0.0050 0.0044 0.0043 -0.0032 -0.0067 -0.0044 -0.0000 -0.0059 0.0003 -0.0042 0.0019 0.0074 0.0041 0.0009 0.0041 -0.0002 0.0081 -0.0005 -0.0034 
dot 15 -0.0071 0.0068 0.0022 -0.0068 -0.0046 -0.0080 -0.0011 -0.0084 0.0032 -0.0063 0.0054 -0.0074 -0.0019 -0.0058 -0.0062 -0.0084 -0.0107 0.0012 0.0083 -0.0005 
gstate $g
if {[check_session]} return

after 1000
