notice "Gaussian bowl, uniform start"
set g [gstate]
scale 2.500 2.500
translate 20.000 20.000
set h [gstate]
clear
gstate $g
if {[check_session]} return
translate 0 90
scale 0.03
text 15 0 0 {META RECORDED DIRECTIONAL }
text 15 0 -100 TARGET=-1
text 15 0 -200 BEST=4.477
text 15 0 -300 GENERATION=0
text 15 0 -500 PARENTS=-9266128936674546510708803659540666989570440318463045266854634092789923316019634195319186364987354661410697604753167801167177259691798259274535313963828899395054512892298208739898816592182784001477532694415068917387837429455519744.00
gstate $h
dot 15 -0.7345 -0.4453 1.0168 2.1895 -2.7701 -0.3995 0.8717 0.4927 -2.4076 2.8510 -2.2292 1.5446 -1.6601 -3.5308 -3.5151 -2.0883 1.7456 -4.1576 -5.0758 0.9625 -0.6585 4.1493 4.0208 -3.1486 0.2402 5.2116 4.0021 -4.6235 -4.4454 4.0324 3.1116 -4.9487 4.7562 3.5082 2.7029 6.6622 7.2368 -0.5605 -0.4845 7.1602 
dot 15 -4.9215 5.5291 -6.4230 3.5113 5.6831 -2.0403 4.8824 5.7101 -5.1579 -5.1931 6.8445 -3.2898 -5.4206 -4.7487 -6.2727 2.7467 7.8867 0.0353 -0.6994 -7.9389 2.1600 -7.7844 7.2109 4.0294 7.6212 -0.5078 -6.9304 -4.0214 -6.3246 6.5051 5.9440 6.0513 -8.9820 -0.6320 5.4301 -6.7540 9.2003 2.8410 8.1719 -3.5590 
dot 15 -5.0873 -8.1008 -7.7918 6.9038 -10.3964 1.3060 -8.1781 -6.6222 -8.3305 6.3982 -8.1852 6.8443 -9.9192 -3.4305 -8.7792 -6.8029 -4.9968 9.9074 -7.6094 7.7842 -6.2035 -9.1983 11.0588 3.7065 8.7253 -7.7009 -10.8090 5.1219 4.8142 -10.6760 3.1827 10.7530 9.4399 -7.8733 -1.7532 -11.5719 -4.2683 10.6385 9.4047 -7.9172 
dot 15 11.6312 0.5080 -8.2973 9.2567 9.6293 7.6800 1.2965 -12.8022 13.0951 -0.4773 -13.1913 0.8425 5.4453 11.3714 13.1579 2.1414 5.6954 12.4241 -9.0283 10.3313 
clear
gstate $g
if {[check_session]} return
translate 0 90
scale 0.03
text 15 0 0 {META RECORDED DIRECTIONAL }
text 15 0 -100 TARGET=-1
text 15 0 -200 BEST=1.849
text 15 0 -300 GENERATION=1
text 15 0 -500 PARENTS=-9266128936674546510708803659540666989570440318463045266854634092789923316019634195319186364987354661410697604753167801167177259691798259274535313963828899395054512892298208739898816592182784001477532694415068917387837429455519744.00
gstate $h
dot 15 -1.3275 0.2792 0.0522 1.4370 -0.8097 0.9393 -0.7345 -0.4453 1.2660 1.5412 -1.0958 -1.8874 1.0168 2.1895 -2.7701 -0.3995 0.8717 0.4927 -1.6372 1.6649 -3.2335 -1.4558 -2.4076 2.8510 0.6576 3.3069 -2.2292 1.5446 0.8852 1.8682 -1.6601 -3.5308 -1.3456 3.2659 0.9648 3.9578 -3.2166 -2.6198 -3.5151 -2.0883 
dot 15 0.2265 -4.3172 4.2643 1.1442 1.7456 -4.1576 -3.2726 -3.2614 3.5492 -0.3715 2.9647 -3.8292 -2.9954 0.6241 0.4389 4.8293 4.7373 -1.2904 0.0694 0.6530 -5.0758 0.9625 -5.0128 -1.5428 1.0208 4.9802 -0.6585 4.1493 4.0208 -3.1486 -4.6416 3.2058 -5.2718 -2.5134 -3.5882 2.3626 3.8792 4.6057 -4.9893 2.2811 
dot 15 0.2402 5.2116 4.0021 -4.6235 1.6509 -3.6330 0.2155 3.5708 3.1452 1.1731 -2.9078 -5.3569 0.8949 5.2868 -1.6108 6.1204 -0.2138 5.2217 -4.4454 4.0324 5.2788 3.7196 -2.1531 -0.6836 2.0646 2.6565 -4.9941 -1.5287 3.1116 -4.9487 1.7224 -6.6038 1.3792 6.3606 -0.0565 6.4085 6.0228 -0.3669 4.0960 1.4309 
dot 15 -5.4966 4.1627 -0.4619 6.9196 -2.3880 -5.1071 -6.4273 2.7677 4.7562 3.5082 4.9882 -3.2520 5.1237 -5.1064 4.8873 -0.2110 -0.2873 -5.5266 -2.7551 2.0764 
clear
gstate $g
if {[check_session]} return
translate 0 90
scale 0.03
text 15 0 0 {META RECORDED DIRECTIONAL }
text 15 0 -100 TARGET=-1
text 15 0 -200 BEST=0.9184
text 15 0 -300 GENERATION=2
text 15 0 -500 PARENTS=-9266128936674546510708803659540666989570440318463045266854634092789923316019634195319186364987354661410697604753167801167177259691798259274535313963828899395054512892298208739898816592182784001477532694415068917387837429455519744.00
gstate $h
dot 15 0.0086 0.8698 -1.3275 0.2792 -0.8849 -0.1246 -0.5577 1.2802 0.0522 1.4370 -0.8619 0.2887 -1.3619 0.4264 -0.5354 1.5947 -0.8097 0.9393 -0.0124 0.0719 -0.7345 -0.4453 0.8224 2.0016 1.2660 1.5412 0.4845 1.9662 2.0727 1.1177 -1.0958 -1.8874 1.0168 2.1895 -2.7701 -0.3995 -1.0059 1.9109 -0.9846 -2.8167 
dot 15 -0.9876 -2.8561 -1.0244 -2.8760 -3.0167 0.3667 -3.1014 -0.3943 0.8717 0.4927 -1.5351 -2.8079 -0.9841 -3.0536 -1.6372 1.6649 0.8174 -3.1858 -3.2741 0.0445 -2.2481 -2.4079 -1.9771 2.9539 -1.0455 -3.4732 -3.2335 -1.4558 -2.4076 2.8510 -3.3534 1.6527 0.6576 3.3069 -2.2292 1.5446 -3.1924 1.3692 -0.5664 3.6377 
dot 15 0.8852 1.8682 -1.6601 -3.5308 -1.3456 3.2659 -1.0951 3.2865 0.9648 3.9578 -3.0538 -2.9591 -3.2166 -2.6198 -1.2012 -4.1357 -3.5151 -2.0883 -4.3949 0.7387 -1.4530 3.8171 -3.3727 -2.7539 -1.0718 -4.4730 3.2704 -3.0227 1.1639 1.9542 3.0215 0.8333 -2.8726 -2.9155 -1.5395 4.1631 -2.1827 -5.0262 -2.1108 -5.4010 
dot 15 -5.0835 0.8563 -1.0820 -5.6376 -4.1603 -4.3306 -1.9009 2.9030 1.8453 -4.3813 -5.9340 -0.6702 4.5725 1.9687 1.1838 -5.1391 -1.9329 3.1564 -1.5691 5.3455 
clear
gstate $g
if {[check_session]} return
translate 0 90
scale 0.03
text 15 0 0 {META RECORDED DIRECTIONAL }
text 15 0 -100 TARGET=-1
text 15 0 -200 BEST=0.2638
text 15 0 -300 GENERATION=3
text 15 0 -500 PARENTS=-9266128936674546510708803659540666989570440318463045266854634092789923316019634195319186364987354661410697604753167801167177259691798259274535313963828899395054512892298208739898816592182784001477532694415068917387837429455519744.00
gstate $h
dot 15 0.3393 0.0069 0.0612 0.2539 0.0086 0.8698 -0.1157 1.0035 -0.6637 0.6831 -0.7366 -0.0940 -0.2353 0.8421 0.8614 0.6249 0.3657 1.2506 -0.5126 1.1829 -1.3275 0.2792 -0.8850 -0.5067 -0.9270 -0.0822 -0.8849 -0.1246 -0.9235 -0.6782 -0.5577 1.2802 -0.9308 -0.7976 -0.8709 -0.9752 0.0522 1.4370 -0.9001 -0.9142 
dot 15 -0.8664 0.1068 -0.9987 -0.8345 -0.9047 0.0835 -0.8619 0.2887 -0.9584 -1.1705 -0.8906 0.3575 0.2382 1.3686 -0.9281 -1.2757 -1.3619 0.4264 -0.9707 -1.3526 -0.9779 -1.3960 0.1593 -1.8093 -1.0245 -1.5248 0.7106 -0.2192 -0.5354 1.5947 -1.1791 -0.9706 -0.8097 0.9393 -0.8482 0.9156 -0.8750 0.9630 -0.0124 0.0719 
dot 15 -1.0248 -1.8255 -0.7345 -0.4453 0.1329 1.9532 0.8224 2.0016 1.2660 1.5412 -1.7342 1.4539 -1.0197 -2.1055 2.3503 0.4220 0.7491 0.7829 -1.0354 -2.2139 -1.1792 -1.7162 0.4845 1.9662 1.0749 2.1404 1.3505 1.9826 2.0727 1.1177 -1.2737 1.5812 -1.0958 -1.8874 1.0168 2.1895 -1.1434 -2.4828 -0.9691 -2.6177 
dot 15 -2.7701 -0.3995 1.3476 -2.5642 -1.0059 1.9109 -0.9846 -2.8167 -1.0159 -3.0542 -3.0039 1.1088 -1.0487 -1.4235 -1.0936 -3.0724 1.4641 2.9823 0.3095 3.2712 
clear
gstate $g
if {[check_session]} return
translate 0 90
scale 0.03
text 15 0 0 {META RECORDED DIRECTIONAL }
text 15 0 -100 TARGET=-1
text 15 0 -200 BEST=0.2481
text 15 0 -300 GENERATION=4
text 15 0 -500 PARENTS=-9266128936674546510708803659540666989570440318463045266854634092789923316019634195319186364987354661410697604753167801167177259691798259274535313963828899395054512892298208739898816592182784001477532694415068917387837429455519744.00
gstate $h
dot 15 0.0259 -0.1608 0.3393 0.0069 0.0612 0.2539 0.4062 -0.1566 0.3978 -0.2909 0.5110 -0.2071 0.3321 0.5741 -0.3354 -0.0587 -0.1631 0.6654 0.1001 0.6356 0.1913 0.7494 -0.2639 -0.2490 0.5575 -0.5276 -0.0124 0.5946 0.0086 0.8698 0.4905 -0.7168 -0.1157 1.0035 -0.6637 0.6831 -0.7366 -0.0940 0.7956 0.5014 
dot 15 0.6135 -0.8776 -0.2457 1.0216 -0.2353 0.8421 0.9093 0.6373 0.8614 0.6249 -0.7963 -0.4247 -0.5158 0.7126 0.2864 1.1397 0.5643 0.7261 -0.0885 0.8107 -0.7216 -0.6005 -0.8524 -0.2281 -0.6918 -0.9658 0.3657 1.2506 -0.8875 -0.8104 -0.8011 -0.8998 -0.8288 0.0613 -0.9042 -0.4067 1.2867 -0.4098 -0.5126 1.1829 
dot 15 -0.9106 -0.4925 -1.3275 0.2792 -0.8834 -0.4795 -0.0213 0.9331 -0.8850 -0.5067 -0.9270 -0.0822 -0.8849 -0.1246 -0.9235 -0.6782 -0.5577 1.2802 -1.1966 -0.5673 0.6898 -0.9290 -0.9324 -0.7491 -1.0033 -0.3278 -0.9373 -0.7611 -1.1383 -0.2299 -0.9308 -0.7976 -0.9329 -0.8014 -0.2833 0.8743 1.1416 0.4988 -0.8709 -0.9752 
dot 15 0.0522 1.4370 -0.5236 1.0863 -0.9001 -0.9142 0.4590 1.0485 -0.9347 1.1338 -0.6623 0.6369 0.1136 1.4107 -1.0779 0.7833 -0.9432 -0.9494 -1.0700 -0.5705 
clear
gstate $g
if {[check_session]} return
translate 0 90
scale 0.03
text 15 0 0 {META RECORDED DIRECTIONAL }
text 15 0 -100 TARGET=-1
text 15 0 -200 BEST=0.1464
text 15 0 -300 GENERATION=5
text 15 0 -500 PARENTS=-9266128936674546510708803659540666989570440318463045266854634092789923316019634195319186364987354661410697604753167801167177259691798259274535313963828899395054512892298208739898816592182784001477532694415068917387837429455519744.00
gstate $h
dot 15 0.3116 0.1671 0.3806 0.1044 0.3846 0.0433 0.2846 -0.0397 0.3620 -0.1165 0.0259 -0.1608 0.2888 -0.1557 0.3393 0.0069 0.0857 0.3407 -0.0128 -0.0641 -0.1904 0.1181 0.0612 0.2539 0.0380 0.2743 0.0542 -0.2743 -0.1276 -0.5565 0.4062 -0.1566 0.3929 -0.2432 -0.0679 0.5421 0.4446 -0.1720 -0.1386 0.5053 
dot 15 -0.1285 0.5799 0.3978 -0.2909 0.5121 0.2043 0.5110 -0.2071 0.5030 -0.1051 0.3597 -0.4661 0.3321 0.5741 0.4118 -0.2626 0.4740 -0.2705 -0.3354 -0.0587 0.3365 -0.2928 -0.1631 0.6654 0.4133 -0.3775 0.0202 -0.4806 0.4943 -0.4231 0.5928 0.0049 0.4706 -0.2470 0.1001 0.6356 -0.2563 0.2682 0.5477 -0.2797 
dot 15 0.4567 0.5629 0.0220 0.3825 0.5365 -0.4903 0.4911 -0.3667 0.7071 -0.0004 -0.1214 0.7448 0.5485 -0.3425 0.4438 -0.4436 -0.3761 0.5998 -0.1531 0.7027 -0.0937 0.7875 0.6007 -0.3623 0.0666 0.7104 0.1913 0.7494 0.0360 0.8342 -0.2639 -0.2490 0.4648 -0.6093 0.4629 -0.6163 0.2400 0.7013 0.6281 -0.5177 
dot 15 0.5575 -0.5276 0.6217 -0.4581 -0.0124 0.5946 0.3295 0.8794 0.5183 -0.6748 0.0086 0.8698 0.0668 -0.8269 0.1461 0.9479 0.6415 -0.6396 0.4679 -0.7663 
clear
gstate $g
if {[check_session]} return
translate 0 90
scale 0.03
text 15 0 0 {META RECORDED DIRECTIONAL }
text 15 0 -100 TARGET=-1
text 15 0 -200 BEST=0.0313
text 15 0 -300 GENERATION=6
text 15 0 -500 PARENTS=-9266128936674546510708803659540666989570440318463045266854634092789923316019634195319186364987354661410697604753167801167177259691798259274535313963828899395054512892298208739898816592182784001477532694415068917387837429455519744.00
gstate $h
dot 15 -0.0757 0.1566 0.1752 -0.0619 0.2070 -0.1430 0.1805 0.0869 0.2010 0.1533 0.3408 -0.0661 -0.1535 0.2080 0.1699 0.0171 0.3116 0.1671 -0.2035 0.1658 0.3806 0.1044 0.0271 0.1766 0.2968 -0.2667 0.0646 0.1238 0.3846 0.0433 -0.0374 -0.2340 -0.0180 0.1659 0.2709 -0.1156 0.1417 0.0683 -0.0334 -0.1330 
dot 15 0.4199 0.1385 0.2308 -0.0333 0.2607 -0.0599 0.2062 -0.3030 0.3041 -0.0702 0.2491 -0.3657 0.3176 -0.3229 0.2846 -0.0397 -0.0889 0.4135 0.2243 -0.3816 0.2457 0.1635 0.3620 -0.1165 0.3808 -0.1123 0.4924 -0.0247 0.0259 -0.1608 0.3594 -0.1501 0.2888 -0.1557 0.0054 -0.1114 0.3393 0.0069 0.2729 -0.1867 
dot 15 0.4468 0.0853 0.0857 0.3407 0.0808 0.3454 0.3711 -0.0856 0.2949 -0.4373 -0.0148 -0.0737 0.3991 0.2949 0.3838 -0.1320 -0.0128 -0.0641 -0.1904 0.1181 -0.1184 0.4350 0.4100 -0.1519 0.0612 0.2539 0.3746 -0.1281 -0.0417 -0.0134 0.0380 0.2743 0.4000 -0.1652 -0.0363 -0.0281 0.0542 -0.2743 -0.1276 -0.5565 
dot 15 0.4062 -0.1566 0.4132 0.0828 0.0847 0.3289 0.4678 -0.2531 0.4665 0.2535 0.4025 -0.1763 -0.0506 0.0106 0.3929 -0.2432 0.4624 -0.1305 0.4184 -0.1723 
clear
gstate $g
if {[check_session]} return
translate 0 90
scale 0.03
text 15 0 0 {META RECORDED DIRECTIONAL }
text 15 0 -100 TARGET=-1
text 15 0 -200 BEST=0.01902
text 15 0 -300 GENERATION=7
text 15 0 -500 PARENTS=-9266128936674546510708803659540666989570440318463045266854634092789923316019634195319186364987354661410697604753167801167177259691798259274535313963828899395054512892298208739898816592182784001477532694415068917387837429455519744.00
gstate $h
dot 15 0.0313 -0.1056 -0.0236 0.0181 -0.0757 0.1566 0.0152 -0.1942 -0.1185 0.1017 0.1752 -0.0619 0.1036 0.0211 0.2070 -0.1430 -0.1124 -0.2684 -0.1378 -0.0982 -0.2614 0.0471 0.1805 0.0869 -0.1865 -0.0074 -0.2484 -0.2070 -0.0202 0.3219 0.2010 0.1533 0.3408 -0.0661 -0.1535 0.2080 0.1699 0.0171 -0.0653 -0.1782 
dot 15 0.1879 -0.3044 0.0701 0.1000 -0.0059 -0.2616 0.0006 0.1552 0.3116 0.1671 0.0345 -0.1067 0.3375 -0.1420 0.0489 -0.0635 -0.0468 -0.1335 0.1721 -0.3294 -0.1266 -0.0661 -0.2035 0.1658 0.3806 0.1044 0.0271 0.1766 0.2968 -0.2667 0.0646 0.1238 -0.1182 -0.2089 0.3846 0.0433 -0.1450 -0.1081 0.0264 -0.0261 
dot 15 0.0329 0.1355 -0.0039 0.1721 0.0056 0.1611 -0.0024 -0.0235 0.1246 0.1947 0.1014 0.1069 -0.0374 -0.2340 0.3984 -0.1513 -0.0180 0.1659 -0.0850 0.1027 0.1866 -0.3838 0.2709 -0.1156 0.1417 0.0683 -0.2292 -0.1135 -0.0334 -0.1330 0.0667 0.1645 0.0291 0.1687 0.0253 -0.1119 0.0131 0.2095 -0.1154 0.2089 
dot 15 0.2984 -0.0613 -0.1523 0.1257 0.4349 0.1567 -0.1136 0.0553 -0.0511 0.1770 0.0208 0.1259 0.0955 0.3869 0.2143 0.3837 0.3048 -0.3651 -0.0279 0.1998 
clear
gstate $g
if {[check_session]} return
translate 0 90
scale 0.03
text 15 0 0 {META RECORDED DIRECTIONAL }
text 15 0 -100 TARGET=-1
text 15 0 -200 BEST=0.01027
text 15 0 -300 GENERATION=8
text 15 0 -500 PARENTS=-9266128936674546510708803659540666989570440318463045266854634092789923316019634195319186364987354661410697604753167801167177259691798259274535313963828899395054512892298208739898816592182784001477532694415068917387837429455519744.00
gstate $h
dot 15 -0.0732 0.0085 0.0488 0.0353 0.0313 -0.1056 -0.0236 0.0181 0.1136 -0.1206 -0.0231 0.1632 -0.0337 -0.0066 -0.0757 0.1566 0.1096 -0.1475 -0.1022 -0.1108 0.0106 0.0612 0.0152 -0.1942 -0.1185 0.1017 -0.1346 0.1486 -0.0742 0.1568 -0.1029 -0.1341 0.1653 -0.0926 0.1752 -0.0619 -0.2216 -0.0145 0.0280 -0.0913 
dot 15 0.1754 -0.1341 0.2043 -0.1389 -0.1734 -0.0173 -0.2403 -0.0786 -0.0878 -0.2525 0.2631 -0.0538 -0.2599 -0.0676 -0.0270 -0.2706 -0.1117 -0.2188 0.2313 0.1030 0.0726 0.1808 0.1036 0.0211 0.0887 -0.2606 0.1351 0.0400 0.1763 0.2126 -0.1882 -0.1147 0.2070 -0.1430 -0.1124 -0.2684 -0.1378 -0.0982 -0.2475 -0.1055 
dot 15 -0.2614 0.0471 -0.2746 0.0081 -0.2594 -0.0861 0.1805 0.0869 -0.1863 -0.1061 -0.1127 -0.2868 -0.2200 0.1216 -0.1865 -0.0074 -0.0605 -0.2459 -0.2484 -0.2070 -0.0202 0.3219 -0.1638 -0.2792 -0.1759 0.0995 0.2010 0.1533 -0.0643 -0.0138 0.0300 0.0371 -0.3134 0.1223 -0.3309 -0.0828 0.3408 -0.0661 0.1354 -0.1618 
dot 15 0.0524 -0.0297 -0.3166 0.1327 0.2084 -0.2733 -0.1535 0.2080 -0.1549 -0.3214 -0.0014 0.3410 0.1699 0.0171 -0.0653 -0.1782 0.2369 -0.1629 -0.3478 -0.0820 
clear
gstate $g
if {[check_session]} return
translate 0 90
scale 0.03
text 15 0 0 {META RECORDED DIRECTIONAL }
text 15 0 -100 TARGET=-1
text 15 0 -200 BEST=0.006069
text 15 0 -300 GENERATION=9
text 15 0 -500 PARENTS=-9266128936674546510708803659540666989570440318463045266854634092789923316019634195319186364987354661410697604753167801167177259691798259274535313963828899395054512892298208739898816592182784001477532694415068917387837429455519744.00
gstate $h
dot 15 -0.0656 -0.0323 -0.0732 0.0085 0.0488 0.0353 -0.0904 0.0817 0.1189 0.0075 0.0237 0.0877 0.0313 -0.1056 -0.0236 0.0181 -0.0091 -0.1168 0.0695 -0.0292 0.1010 -0.1081 0.0424 -0.0615 -0.0481 -0.1236 0.1113 -0.1195 0.1136 -0.1206 -0.0231 0.1632 0.1119 0.1333 -0.0771 -0.1232 -0.0337 -0.0066 -0.0757 0.1566 
dot 15 -0.0404 0.1773 -0.0853 -0.0655 0.1096 -0.1475 -0.0015 -0.1383 -0.1022 -0.1108 0.0106 0.0612 0.0152 -0.1942 -0.1185 0.1017 0.1463 -0.1286 -0.1346 0.1486 -0.0694 -0.1598 -0.0742 0.1568 -0.1029 -0.1341 -0.1437 0.0800 0.1468 -0.0729 0.1004 0.1510 0.1653 -0.0926 0.0141 0.2082 0.1752 -0.0619 0.1665 -0.1390 
dot 15 -0.2089 0.0895 -0.0765 0.0545 -0.2216 -0.0145 0.1989 -0.1112 0.0280 -0.0913 0.1594 -0.0211 -0.1401 0.1021 -0.1513 0.0600 -0.0764 -0.2078 0.0185 0.1605 -0.0843 -0.2046 -0.2583 0.0031 -0.0583 -0.2236 -0.0926 0.2452 -0.1167 0.0469 0.2152 -0.1324 0.2079 -0.1317 0.0533 -0.1048 -0.0199 0.2806 -0.0134 0.1668 
dot 15 -0.0504 -0.2524 0.0005 0.0121 -0.2049 0.2055 0.1561 0.0621 0.2309 -0.1404 -0.2878 0.0024 0.1048 -0.1286 -0.1594 -0.1542 0.0598 -0.2747 -0.2896 -0.0023 
clear
gstate $g
if {[check_session]} return
translate 0 90
scale 0.03
text 15 0 0 {META RECORDED DIRECTIONAL }
text 15 0 -100 TARGET=-1
text 15 0 -200 BEST=0.002148
text 15 0 -300 GENERATION=10
text 15 0 -500 PARENTS=-9266128936674546510708803659540666989570440318463045266854634092789923316019634195319186364987354661410697604753167801167177259691798259274535313963828899395054512892298208739898816592182784001477532694415068917387837429455519744.00
gstate $h
dot 15 0.0253 -0.0355 -0.0245 -0.0050 -0.0128 0.0260 -0.0656 -0.0323 -0.0557 -0.0153 0.0451 0.0390 -0.0552 0.0231 -0.0689 0.0075 -0.0732 0.0085 0.0488 0.0353 -0.0874 0.0107 -0.0658 -0.0370 -0.0586 -0.0589 -0.0281 0.0466 0.0448 -0.1031 -0.0904 0.0817 0.0414 -0.0566 -0.0780 0.0469 0.1189 0.0075 0.0237 0.0877 
dot 15 0.0901 -0.0821 0.0321 -0.0003 -0.0600 0.0157 0.1295 0.0329 0.0581 -0.0755 0.0459 -0.0474 0.0313 -0.1056 -0.0236 0.0181 -0.0418 -0.0506 0.0135 -0.0660 -0.0091 -0.1168 -0.0994 0.1004 0.0507 -0.1114 -0.0116 0.1033 0.0695 -0.0292 0.0090 0.1013 0.0233 -0.1460 -0.0556 -0.1049 0.1041 -0.1118 0.1000 -0.1133 
dot 15 0.1010 -0.1081 0.1031 -0.1150 0.0716 -0.0358 0.1589 -0.0133 0.1063 -0.1196 0.0424 -0.0615 0.1093 -0.1162 0.1121 -0.1148 0.1101 -0.1157 0.1107 -0.1162 0.1101 -0.1169 -0.0334 0.1059 -0.0965 0.1198 -0.0481 -0.1236 0.1113 -0.1195 0.1115 -0.1194 -0.0846 -0.1406 -0.0416 0.1317 0.1136 -0.1206 -0.0828 -0.1077 
dot 15 -0.0231 0.1632 -0.0254 0.1391 -0.0757 -0.1261 0.1119 0.1333 0.0573 0.0912 0.0612 -0.1153 -0.0771 -0.1232 -0.0381 0.0891 -0.0337 -0.0066 -0.0757 0.1566 
clear
gstate $g
if {[check_session]} return
translate 0 90
scale 0.03
text 15 0 0 {META RECORDED DIRECTIONAL }
text 15 0 -100 TARGET=-1
text 15 0 -200 BEST=0.0005244
text 15 0 -300 GENERATION=11
text 15 0 -500 PARENTS=-9266128936674546510708803659540666989570440318463045266854634092789923316019634195319186364987354661410697604753167801167177259691798259274535313963828899395054512892298208739898816592182784001477532694415068917387837429455519744.00
gstate $h
dot 15 0.0133 -0.0043 0.0253 -0.0355 -0.0419 0.0119 -0.0136 -0.0283 -0.0245 -0.0050 -0.0128 0.0260 0.0102 -0.0534 -0.0353 -0.0427 -0.0311 -0.0491 -0.0308 -0.0496 -0.0656 -0.0323 -0.0249 -0.0575 -0.0468 -0.0275 -0.0479 -0.0260 -0.0497 -0.0238 -0.0618 0.0451 -0.0728 0.0269 -0.0153 -0.0706 -0.0557 -0.0153 -0.0129 0.0657 
dot 15 -0.0519 0.0509 -0.0077 -0.0807 0.0341 0.0562 0.0439 -0.0651 -0.0745 -0.0083 0.0922 -0.0221 -0.0230 0.0306 -0.0319 0.0155 -0.0123 -0.0456 0.0451 0.0390 -0.0552 0.0231 -0.0543 0.0211 -0.0689 0.0075 -0.0583 0.0302 -0.0477 0.0100 -0.0573 0.0672 -0.0053 -0.0552 -0.0732 0.0085 0.0488 0.0353 0.0535 0.0231 
dot 15 0.0074 0.0230 -0.0641 0.0223 0.0262 0.0823 0.0489 0.0237 -0.0766 -0.0099 -0.0350 -0.0094 -0.0735 0.0474 -0.0874 0.0107 -0.0780 0.0005 -0.0312 -0.0149 0.0404 -0.0799 -0.0831 0.0370 -0.0326 -0.0155 -0.0658 -0.0370 -0.0932 0.0187 -0.0791 -0.0626 0.0249 -0.0972 -0.0877 -0.0085 -0.0141 0.0966 -0.0763 0.0538 
dot 15 -0.0758 0.0194 -0.0924 0.0397 -0.0426 0.0419 -0.0078 -0.0939 0.0275 0.1040 0.0269 0.1111 0.0278 -0.0712 0.0775 0.0337 -0.0229 -0.0299 -0.0843 0.0553 
clear
gstate $g
if {[check_session]} return
translate 0 90
scale 0.03
text 15 0 0 {META RECORDED DIRECTIONAL }
text 15 0 -100 TARGET=-1
text 15 0 -200 BEST=0.0001593
text 15 0 -300 GENERATION=12
text 15 0 -500 PARENTS=-9266128936674546510708803659540666989570440318463045266854634092789923316019634195319186364987354661410697604753167801167177259691798259274535313963828899395054512892298208739898816592182784001477532694415068917387837429455519744.00
gstate $h
dot 15 0.0065 0.0033 0.0098 0.0085 0.0038 -0.0091 0.0133 -0.0043 0.0111 0.0258 0.0164 0.0129 0.0033 -0.0291 0.0023 0.0382 -0.0159 0.0257 0.0253 -0.0355 -0.0419 0.0119 -0.0226 0.0361 0.0279 -0.0401 0.0076 0.0451 -0.0430 0.0238 -0.0248 0.0482 -0.0130 -0.0563 -0.0043 0.0589 -0.0136 -0.0283 0.0341 -0.0486 
dot 15 -0.0136 0.0242 0.0393 -0.0118 0.0243 0.0409 0.0479 0.0177 -0.0108 0.0256 -0.0245 -0.0050 -0.0128 0.0260 0.0102 -0.0534 -0.0271 -0.0296 -0.0558 0.0328 0.0198 -0.0430 -0.0129 -0.0046 0.0033 -0.0602 -0.0734 -0.0138 -0.0302 -0.0489 -0.0419 -0.0328 -0.0249 -0.0559 -0.0357 -0.0435 -0.0302 -0.0474 -0.0361 -0.0353 
dot 15 -0.0233 -0.0577 -0.0374 -0.0427 -0.0353 -0.0427 -0.0743 0.0032 -0.0397 -0.0380 -0.0386 -0.0384 -0.0403 -0.0371 -0.0382 -0.0416 -0.0311 -0.0491 -0.0308 -0.0496 -0.0429 -0.0335 0.0188 -0.0457 -0.0424 -0.0315 -0.0398 -0.0394 -0.0417 -0.0343 -0.0301 -0.0508 -0.0283 -0.0528 -0.0402 -0.0361 -0.0139 -0.0638 -0.0656 -0.0323 
dot 15 -0.0200 -0.0603 -0.0277 -0.0541 -0.0499 -0.0212 -0.0445 -0.0313 -0.0436 -0.0317 -0.0265 -0.0548 -0.0412 -0.0350 -0.0466 -0.0282 -0.0451 -0.0308 -0.0249 -0.0575 
clear
gstate $g
if {[check_session]} return
translate 0 90
scale 0.03
text 15 0 0 {META RECORDED DIRECTIONAL }
text 15 0 -100 TARGET=-1
text 15 0 -200 BEST=9.668E-05
text 15 0 -300 GENERATION=13
text 15 0 -500 PARENTS=-9266128936674546510708803659540666989570440318463045266854634092789923316019634195319186364987354661410697604753167801167177259691798259274535313963828899395054512892298208739898816592182784001477532694415068917387837429455519744.00
gstate $h
dot 15 0.0029 0.0073 0.0021 0.0086 0.0052 0.0047 0.0064 0.0034 0.0065 0.0033 -0.0024 0.0131 0.0076 0.0018 0.0098 0.0085 0.0022 0.0123 -0.0040 0.0155 0.0095 0.0002 0.0071 -0.0105 0.0062 -0.0021 -0.0185 0.0030 0.0037 0.0198 0.0038 -0.0091 -0.0078 0.0194 0.0155 -0.0071 0.0133 -0.0043 -0.0086 -0.0112 
dot 15 0.0063 0.0108 -0.0066 -0.0104 0.0242 -0.0085 0.0059 0.0158 0.0017 0.0124 0.0064 0.0267 -0.0032 0.0243 0.0271 -0.0068 0.0269 -0.0121 0.0111 0.0258 -0.0023 0.0216 0.0040 -0.0312 -0.0030 -0.0039 0.0004 -0.0258 0.0267 -0.0125 0.0326 -0.0083 0.0109 0.0324 0.0164 0.0129 -0.0060 -0.0084 0.0052 0.0295 
dot 15 -0.0228 -0.0283 0.0080 0.0257 0.0033 -0.0291 -0.0077 -0.0359 0.0023 0.0382 0.0395 0.0058 -0.0105 0.0299 0.0184 -0.0335 0.0211 0.0184 0.0355 0.0092 -0.0093 0.0289 0.0226 0.0358 -0.0159 0.0257 -0.0031 0.0293 -0.0420 0.0013 0.0029 0.0372 -0.0293 -0.0325 -0.0006 0.0180 -0.0234 -0.0108 -0.0021 0.0459 
dot 15 0.0253 -0.0355 -0.0419 0.0119 0.0017 0.0433 -0.0226 0.0361 -0.0003 0.0351 0.0279 -0.0401 0.0280 -0.0396 0.0076 0.0451 0.0068 0.0474 0.0296 -0.0055 
clear
gstate $g
if {[check_session]} return
translate 0 90
scale 0.03
text 15 0 0 {META RECORDED DIRECTIONAL }
text 15 0 -100 TARGET=-1
text 15 0 -200 BEST=7.918E-05
text 15 0 -300 GENERATION=14
text 15 0 -500 PARENTS=-9266128936674546510708803659540666989570440318463045266854634092789923316019634195319186364987354661410697604753167801167177259691798259274535313963828899395054512892298208739898816592182784001477532694415068917387837429455519744.00
gstate $h
dot 15 0.0019 0.0079 0.0025 0.0072 0.0018 0.0090 0.0034 0.0077 0.0010 0.0093 0.0033 0.0064 0.0021 0.0077 0.0029 0.0073 0.0011 0.0089 0.0040 0.0052 0.0021 0.0086 0.0045 0.0054 0.0046 0.0052 0.0009 0.0090 0.0048 0.0057 -0.0007 0.0103 0.0020 0.0102 0.0051 0.0049 0.0052 0.0047 0.0053 0.0044 
dot 15 0.0053 0.0046 0.0054 0.0040 0.0055 0.0044 -0.0025 0.0113 -0.0007 0.0115 0.0061 0.0031 0.0064 0.0034 0.0060 0.0046 0.0051 0.0038 0.0062 0.0035 0.0022 0.0110 0.0053 0.0029 0.0062 0.0039 0.0064 0.0034 -0.0020 0.0122 0.0063 0.0033 -0.0033 0.0120 0.0065 0.0033 0.0068 0.0033 0.0070 0.0037 
dot 15 0.0070 0.0028 -0.0024 0.0131 0.0071 0.0022 0.0073 0.0024 0.0069 0.0027 0.0076 0.0018 0.0098 0.0085 -0.0026 0.0139 -0.0005 0.0142 0.0076 0.0018 -0.0036 0.0140 -0.0037 0.0142 0.0085 0.0006 0.0091 -0.0003 0.0089 0.0009 0.0081 0.0040 -0.0117 0.0108 0.0022 0.0123 -0.0040 0.0155 0.0090 -0.0004 
dot 15 -0.0046 0.0157 0.0095 0.0002 0.0098 -0.0002 0.0071 -0.0105 0.0062 -0.0021 -0.0052 0.0163 0.0101 -0.0009 0.0101 -0.0002 0.0100 -0.0008 0.0099 -0.0014 
clear
gstate $g
if {[check_session]} return
translate 0 90
scale 0.03
text 15 0 0 {META RECORDED DIRECTIONAL }
text 15 0 -100 TARGET=-1
text 15 0 -200 BEST=4.147E-05
text 15 0 -300 GENERATION=15
text 15 0 -500 PARENTS=-9266128936674546510708803659540666989570440318463045266854634092789923316019634195319186364987354661410697604753167801167177259691798259274535313963828899395054512892298208739898816592182784001477532694415068917387837429455519744.00
gstate $h
dot 15 -0.0004 0.0059 0.0013 0.0065 0.0013 0.0065 0.0015 0.0066 0.0018 0.0065 0.0016 0.0068 0.0018 0.0071 0.0047 0.0055 0.0057 0.0056 0.0064 0.0052 0.0023 0.0075 0.0042 0.0067 0.0019 0.0079 0.0043 0.0069 0.0039 0.0057 0.0034 0.0070 0.0014 0.0078 0.0031 0.0073 0.0080 0.0046 0.0003 0.0086 
dot 15 0.0025 0.0072 0.0016 0.0078 0.0018 0.0090 0.0022 0.0076 0.0018 0.0083 0.0031 0.0062 0.0015 0.0092 0.0028 0.0068 0.0014 0.0086 0.0034 0.0077 0.0017 0.0093 0.0033 0.0065 0.0026 0.0073 0.0035 0.0080 0.0037 0.0068 0.0010 0.0093 0.0051 0.0072 0.0032 0.0080 0.0033 0.0064 0.0015 0.0089 
dot 15 -0.0007 0.0095 0.0028 0.0071 0.0021 0.0077 0.0032 0.0065 0.0009 0.0089 -0.0018 0.0088 0.0036 0.0063 0.0036 0.0062 0.0029 0.0073 0.0001 0.0096 -0.0005 0.0097 0.0037 0.0062 0.0015 0.0084 0.0035 0.0063 0.0009 0.0081 0.0048 0.0043 0.0003 0.0093 0.0031 0.0076 0.0011 0.0089 0.0035 0.0064 
dot 15 0.0039 0.0054 0.0041 0.0043 0.0040 0.0052 0.0040 0.0057 -0.0029 0.0095 0.0039 0.0059 -0.0000 0.0098 -0.0006 0.0099 0.0042 0.0054 0.0043 0.0024 
clear
gstate $g
if {[check_session]} return
translate 0 90
scale 0.03
text 15 0 0 {META RECORDED DIRECTIONAL }
text 15 0 -100 TARGET=-1
text 15 0 -200 BEST=1.162E-05
text 15 0 -300 GENERATION=16
text 15 0 -500 PARENTS=-9266128936674546510708803659540666989570440318463045266854634092789923316019634195319186364987354661410697604753167801167177259691798259274535313963828899395054512892298208739898816592182784001477532694415068917387837429455519744.00
gstate $h
dot 15 -0.0019 0.0027 -0.0003 0.0043 0.0013 0.0039 0.0015 0.0046 0.0005 0.0049 0.0045 0.0026 0.0009 0.0036 0.0011 0.0056 -0.0046 0.0034 0.0015 0.0054 0.0050 0.0005 0.0008 0.0055 0.0011 0.0058 0.0020 0.0051 0.0000 0.0028 0.0003 0.0051 0.0010 0.0054 0.0002 0.0042 0.0016 0.0051 0.0011 0.0054 
dot 15 0.0016 0.0048 0.0012 0.0058 0.0012 0.0060 0.0016 0.0046 0.0014 0.0062 0.0013 0.0063 -0.0004 0.0059 0.0002 0.0039 0.0013 0.0024 0.0057 0.0030 -0.0000 0.0035 0.0009 0.0046 0.0013 0.0065 0.0041 0.0052 0.0013 0.0065 0.0015 0.0066 0.0007 0.0031 0.0018 0.0065 0.0064 0.0023 0.0019 0.0064 
dot 15 0.0017 0.0066 0.0015 0.0040 0.0012 0.0057 0.0042 0.0049 0.0026 0.0063 -0.0007 0.0056 0.0055 0.0042 0.0016 0.0068 0.0027 0.0051 0.0019 0.0067 0.0015 0.0069 0.0016 0.0039 0.0017 0.0068 0.0053 0.0042 -0.0052 0.0022 0.0015 0.0070 0.0017 0.0070 0.0048 0.0044 0.0060 0.0041 0.0030 0.0063 
dot 15 0.0014 0.0066 -0.0054 0.0018 0.0057 0.0036 0.0017 0.0069 -0.0009 0.0030 0.0012 0.0036 0.0054 0.0041 0.0032 0.0065 0.0052 0.0047 0.0052 0.0054 
clear
gstate $g
if {[check_session]} return
translate 0 90
scale 0.03
text 15 0 0 {META RECORDED DIRECTIONAL }
text 15 0 -100 TARGET=-1
text 15 0 -200 BEST=8.598E-06
text 15 0 -300 GENERATION=17
text 15 0 -500 PARENTS=-9266128936674546510708803659540666989570440318463045266854634092789923316019634195319186364987354661410697604753167801167177259691798259274535313963828899395054512892298208739898816592182784001477532694415068917387837429455519744.00
gstate $h
dot 15 -0.0027 0.0008 -0.0029 0.0008 -0.0031 -0.0002 -0.0019 0.0027 -0.0000 0.0028 -0.0014 0.0017 -0.0002 0.0036 -0.0003 0.0034 -0.0002 0.0034 -0.0003 0.0034 -0.0006 0.0032 -0.0006 0.0017 -0.0006 0.0034 -0.0001 0.0033 -0.0003 0.0043 0.0003 0.0039 -0.0039 -0.0014 -0.0012 0.0041 0.0023 0.0030 -0.0023 0.0037 
dot 15 0.0039 -0.0016 -0.0001 0.0015 0.0000 0.0043 0.0003 0.0045 -0.0002 0.0047 0.0022 0.0025 -0.0046 0.0017 0.0013 0.0028 0.0014 0.0012 0.0013 0.0039 0.0015 0.0046 0.0005 0.0049 0.0016 0.0042 0.0013 0.0027 0.0037 -0.0033 0.0004 0.0048 0.0022 0.0044 0.0009 0.0050 0.0005 0.0052 0.0009 0.0041 
dot 15 0.0037 0.0037 -0.0004 0.0052 0.0045 0.0026 -0.0002 0.0052 0.0013 -0.0007 0.0010 0.0053 0.0008 0.0054 0.0009 0.0051 0.0006 0.0038 0.0015 -0.0039 0.0009 0.0028 0.0009 0.0036 0.0009 0.0036 0.0015 0.0043 0.0011 0.0056 0.0015 0.0051 0.0008 0.0033 -0.0046 0.0034 0.0015 0.0054 0.0018 0.0055 
dot 15 0.0050 0.0005 -0.0005 0.0053 -0.0002 0.0040 0.0008 0.0055 0.0011 0.0058 0.0020 0.0051 0.0020 0.0056 0.0053 -0.0026 0.0000 0.0028 0.0020 0.0054 
clear
gstate $g
if {[check_session]} return
translate 0 90
scale 0.03
text 15 0 0 {META RECORDED DIRECTIONAL }
text 15 0 -100 TARGET=-1
text 15 0 -200 BEST=3.567E-06
text 15 0 -300 GENERATION=18
text 15 0 -500 PARENTS=-9266128936674546510708803659540666989570440318463045266854634092789923316019634195319186364987354661410697604753167801167177259691798259274535313963828899395054512892298208739898816592182784001477532694415068917387837429455519744.00
gstate $h
dot 15 0.0016 -0.0001 -0.0005 0.0021 0.0006 0.0012 -0.0027 0.0008 0.0011 -0.0010 -0.0029 0.0008 -0.0028 0.0013 -0.0025 0.0018 -0.0021 0.0023 0.0005 0.0032 -0.0032 0.0002 -0.0001 0.0030 -0.0027 -0.0019 -0.0031 -0.0002 -0.0007 0.0024 -0.0032 -0.0002 -0.0019 0.0027 -0.0024 0.0024 0.0002 0.0032 -0.0004 0.0031 
dot 15 -0.0012 -0.0015 -0.0015 0.0031 -0.0000 0.0028 -0.0001 0.0025 -0.0014 0.0017 -0.0034 0.0000 0.0021 0.0008 -0.0010 0.0018 -0.0002 0.0028 -0.0002 0.0036 -0.0002 0.0036 -0.0003 0.0034 -0.0006 0.0026 0.0000 0.0021 -0.0003 0.0028 -0.0002 0.0034 -0.0037 -0.0002 -0.0016 0.0032 0.0001 0.0020 -0.0011 0.0011 
dot 15 -0.0001 0.0030 -0.0037 -0.0009 -0.0005 0.0021 -0.0016 0.0034 -0.0004 0.0036 -0.0003 0.0034 -0.0038 -0.0001 -0.0037 -0.0010 -0.0006 0.0032 0.0000 0.0036 -0.0006 0.0017 -0.0036 -0.0009 -0.0009 0.0029 0.0002 0.0016 0.0001 0.0033 -0.0006 0.0034 -0.0001 0.0033 -0.0000 0.0026 -0.0000 0.0042 0.0001 0.0030 
dot 15 -0.0014 0.0017 -0.0003 0.0043 -0.0001 0.0017 0.0008 0.0039 -0.0020 0.0036 -0.0001 0.0025 0.0002 0.0027 0.0001 -0.0036 0.0000 0.0022 0.0004 0.0034 
clear
gstate $g
if {[check_session]} return
translate 0 90
scale 0.03
text 15 0 0 {META RECORDED DIRECTIONAL }
text 15 0 -100 TARGET=-1
text 15 0 -200 BEST=1.244E-06
text 15 0 -300 GENERATION=19
text 15 0 -500 PARENTS=-9266128936674546510708803659540666989570440318463045266854634092789923316019634195319186364987354661410697604753167801167177259691798259274535313963828899395054512892298208739898816592182784001477532694415068917387837429455519744.00
gstate $h
dot 15 -0.0008 0.0003 0.0006 0.0007 0.0016 -0.0001 -0.0006 -0.0007 0.0001 0.0020 -0.0014 -0.0004 -0.0005 0.0021 0.0006 0.0012 -0.0021 -0.0004 -0.0026 0.0009 -0.0005 0.0017 -0.0025 0.0012 -0.0026 0.0008 0.0002 0.0025 -0.0025 0.0014 -0.0024 0.0016 -0.0027 0.0008 -0.0002 0.0020 0.0002 0.0019 -0.0030 0.0002 
dot 15 -0.0003 0.0026 0.0011 -0.0010 -0.0028 0.0009 -0.0029 0.0008 -0.0029 0.0003 -0.0028 0.0011 -0.0028 0.0011 -0.0028 0.0013 -0.0029 0.0003 -0.0026 0.0016 -0.0025 0.0018 -0.0028 0.0013 0.0009 0.0026 0.0010 0.0028 -0.0001 0.0022 -0.0003 0.0031 -0.0021 0.0023 -0.0030 0.0006 -0.0030 0.0007 0.0015 0.0027 
dot 15 -0.0030 0.0002 -0.0021 0.0023 0.0010 0.0030 -0.0029 0.0012 -0.0029 -0.0003 0.0016 0.0024 -0.0007 0.0014 -0.0026 0.0018 0.0016 0.0027 0.0002 0.0032 -0.0027 0.0017 0.0003 0.0018 -0.0032 0.0004 0.0014 0.0029 -0.0032 0.0003 -0.0025 0.0020 0.0005 0.0032 0.0017 0.0027 -0.0032 0.0002 -0.0006 0.0030 
dot 15 -0.0001 0.0030 -0.0027 -0.0019 -0.0031 -0.0002 -0.0011 0.0020 -0.0026 0.0020 -0.0019 0.0027 -0.0032 0.0008 -0.0020 0.0026 -0.0031 -0.0002 -0.0007 0.0024 
clear
gstate $g
if {[check_session]} return
translate 0 90
scale 0.03
text 15 0 0 {META RECORDED DIRECTIONAL }
text 15 0 -100 TARGET=-1
text 15 0 -200 BEST=8.713E-07
text 15 0 -300 GENERATION=20
text 15 0 -500 PARENTS=-9266128936674546510708803659540666989570440318463045266854634092789923316019634195319186364987354661410697604753167801167177259691798259274535313963828899395054512892298208739898816592182784001477532694415068917387837429455519744.00
gstate $h
dot 15 0.0004 -0.0003 -0.0007 0.0009 -0.0008 0.0003 0.0006 0.0007 -0.0002 0.0009 0.0002 0.0001 -0.0003 0.0013 0.0015 -0.0001 -0.0001 0.0016 -0.0001 0.0016 -0.0004 0.0004 -0.0005 0.0005 0.0009 0.0002 0.0002 0.0008 -0.0017 -0.0004 0.0016 -0.0001 0.0003 0.0015 -0.0018 -0.0001 -0.0010 0.0005 0.0005 0.0013 
dot 15 -0.0005 -0.0009 -0.0006 -0.0007 -0.0005 0.0002 -0.0006 0.0006 0.0001 0.0020 -0.0006 0.0000 -0.0011 0.0006 -0.0016 -0.0004 -0.0002 0.0019 0.0000 0.0020 0.0020 -0.0008 -0.0014 -0.0004 0.0002 0.0021 0.0017 -0.0015 -0.0011 -0.0016 0.0002 0.0023 -0.0009 0.0020 -0.0015 0.0012 -0.0005 0.0021 -0.0021 0.0011 
dot 15 -0.0012 0.0012 0.0008 0.0020 -0.0022 0.0015 -0.0021 0.0016 -0.0021 0.0016 -0.0020 0.0017 -0.0016 0.0021 -0.0002 0.0018 -0.0022 0.0016 -0.0017 0.0021 -0.0023 0.0014 -0.0022 -0.0002 -0.0021 0.0004 0.0006 0.0012 -0.0021 -0.0004 -0.0017 -0.0015 -0.0026 0.0009 -0.0005 0.0024 -0.0005 0.0017 -0.0023 0.0014 
dot 15 -0.0023 0.0016 -0.0003 0.0010 -0.0008 -0.0024 -0.0026 0.0009 -0.0011 -0.0014 -0.0006 0.0017 -0.0025 0.0012 -0.0006 0.0013 -0.0022 0.0017 -0.0025 0.0012 
clear
gstate $g
if {[check_session]} return
translate 0 90
scale 0.03
text 15 0 0 {META RECORDED DIRECTIONAL }
text 15 0 -100 TARGET=-1
text 15 0 -200 BEST=2.461E-07
text 15 0 -300 GENERATION=21
text 15 0 -500 PARENTS=-9266128936674546510708803659540666989570440318463045266854634092789923316019634195319186364987354661410697604753167801167177259691798259274535313963828899395054512892298208739898816592182784001477532694415068917387837429455519744.00
gstate $h
dot 15 -0.0000 -0.0002 -0.0001 -0.0002 0.0001 -0.0006 0.0004 0.0002 0.0004 0.0001 0.0004 -0.0003 0.0006 -0.0001 -0.0002 0.0007 -0.0007 0.0009 -0.0008 0.0003 0.0006 -0.0002 0.0006 -0.0001 -0.0004 0.0008 -0.0001 0.0011 -0.0008 0.0006 -0.0001 0.0005 -0.0010 -0.0002 0.0009 0.0002 0.0005 0.0004 0.0006 0.0007 
dot 15 0.0004 0.0003 0.0002 0.0012 -0.0003 0.0011 -0.0004 -0.0002 -0.0000 0.0012 0.0012 0.0001 -0.0004 0.0010 -0.0004 0.0010 -0.0000 0.0013 -0.0007 0.0000 0.0002 0.0011 0.0015 -0.0001 -0.0002 0.0009 -0.0003 0.0013 -0.0001 0.0013 0.0002 0.0001 -0.0004 0.0011 -0.0002 0.0013 -0.0003 0.0013 -0.0008 0.0002 
dot 15 -0.0001 0.0016 0.0015 -0.0001 -0.0007 0.0002 -0.0002 0.0016 -0.0001 0.0016 -0.0002 0.0014 -0.0001 0.0016 -0.0004 0.0004 0.0014 -0.0007 -0.0005 0.0005 -0.0003 0.0015 -0.0003 0.0014 -0.0002 0.0016 -0.0007 0.0007 -0.0002 -0.0010 -0.0009 0.0004 -0.0002 0.0015 0.0009 0.0002 -0.0000 0.0001 0.0002 0.0008 
dot 15 -0.0002 0.0016 -0.0017 -0.0004 -0.0010 0.0003 0.0016 -0.0001 0.0003 0.0015 0.0001 0.0002 -0.0001 0.0016 0.0001 0.0007 -0.0018 -0.0001 0.0002 0.0011 
clear
gstate $g
if {[check_session]} return
translate 0 90
scale 0.03
text 15 0 0 {META RECORDED DIRECTIONAL }
text 15 0 -100 TARGET=-1
text 15 0 -200 BEST=2.461E-07
text 15 0 -300 GENERATION=22
text 15 0 -500 PARENTS=-9266128936674546510708803659540666989570440318463045266854634092789923316019634195319186364987354661410697604753167801167177259691798259274535313963828899395054512892298208739898816592182784001477532694415068917387837429455519744.00
gstate $h
dot 15 -0.0000 -0.0002 -0.0001 -0.0005 -0.0004 -0.0000 -0.0001 -0.0002 -0.0000 -0.0000 -0.0003 0.0003 0.0001 -0.0006 0.0001 -0.0006 -0.0002 -0.0007 -0.0001 0.0004 0.0004 0.0002 -0.0005 0.0006 -0.0001 0.0006 -0.0003 0.0005 -0.0008 0.0001 0.0007 0.0000 0.0006 -0.0004 0.0004 0.0001 0.0008 -0.0000 -0.0007 0.0002 
dot 15 0.0004 -0.0003 0.0004 -0.0007 0.0006 0.0003 -0.0004 -0.0009 0.0006 -0.0001 0.0001 -0.0000 0.0004 0.0004 0.0001 -0.0001 -0.0002 0.0007 0.0004 -0.0009 -0.0007 0.0009 -0.0008 0.0003 0.0000 0.0008 -0.0004 -0.0009 0.0003 0.0001 0.0006 -0.0002 -0.0004 -0.0011 0.0000 0.0008 -0.0012 -0.0002 0.0006 -0.0001 
dot 15 0.0004 0.0007 -0.0001 0.0001 0.0005 -0.0002 -0.0004 0.0008 0.0005 -0.0009 0.0002 -0.0008 0.0001 0.0002 -0.0000 0.0006 -0.0001 0.0011 -0.0008 0.0006 -0.0003 0.0006 0.0007 0.0004 0.0007 -0.0002 -0.0006 0.0000 -0.0006 0.0007 -0.0001 0.0005 -0.0007 -0.0011 -0.0010 -0.0002 0.0006 0.0004 0.0009 0.0002 
dot 15 -0.0009 -0.0004 0.0005 0.0004 -0.0003 0.0008 0.0001 -0.0006 0.0000 -0.0014 0.0003 -0.0012 -0.0005 0.0000 0.0006 0.0007 0.0005 -0.0012 -0.0008 -0.0008 
clear
gstate $g
if {[check_session]} return
translate 0 90
scale 0.03
text 15 0 0 {META RECORDED DIRECTIONAL }
text 15 0 -100 TARGET=-1
text 15 0 -200 BEST=8.561E-08
text 15 0 -300 GENERATION=23
text 15 0 -500 PARENTS=-9266128936674546510708803659540666989570440318463045266854634092789923316019634195319186364987354661410697604753167801167177259691798259274535313963828899395054512892298208739898816592182784001477532694415068917387837429455519744.00
gstate $h
dot 15 -0.0001 -0.0002 -0.0003 0.0002 -0.0004 0.0002 -0.0002 -0.0003 -0.0001 -0.0004 -0.0000 -0.0002 0.0001 -0.0005 -0.0001 -0.0005 0.0000 -0.0005 0.0001 -0.0006 -0.0004 -0.0003 -0.0001 -0.0005 -0.0001 -0.0006 -0.0004 -0.0000 -0.0003 -0.0005 -0.0001 -0.0002 -0.0004 0.0003 0.0000 -0.0006 -0.0000 -0.0007 -0.0000 -0.0007 
dot 15 0.0000 -0.0006 -0.0006 -0.0002 0.0000 -0.0006 -0.0000 -0.0000 -0.0003 0.0003 0.0001 -0.0006 0.0001 -0.0006 0.0001 -0.0006 0.0001 -0.0006 0.0001 -0.0006 0.0001 -0.0006 -0.0002 -0.0007 -0.0000 0.0005 -0.0001 0.0004 0.0003 -0.0005 0.0004 0.0002 -0.0005 -0.0005 0.0006 0.0002 0.0005 0.0005 0.0007 -0.0002 
dot 15 -0.0008 -0.0000 -0.0007 -0.0001 -0.0001 0.0006 -0.0005 0.0006 0.0004 -0.0001 0.0000 -0.0002 -0.0008 0.0001 -0.0002 -0.0007 0.0001 -0.0008 0.0000 -0.0008 -0.0001 0.0006 -0.0003 0.0005 -0.0006 -0.0004 0.0008 -0.0001 -0.0001 -0.0007 -0.0008 0.0001 0.0007 0.0000 -0.0000 0.0007 0.0006 -0.0004 0.0005 -0.0003 
dot 15 -0.0000 -0.0003 0.0004 0.0001 -0.0009 -0.0001 0.0008 -0.0000 -0.0007 0.0002 -0.0003 -0.0004 -0.0001 0.0002 0.0007 0.0002 -0.0003 -0.0000 -0.0002 -0.0006 
clear
gstate $g
if {[check_session]} return
translate 0 90
scale 0.03
text 15 0 0 {META RECORDED DIRECTIONAL }
text 15 0 -100 TARGET=-1
text 15 0 -200 BEST=2.134E-08
text 15 0 -300 GENERATION=24
text 15 0 -500 PARENTS=-9266128936674546510708803659540666989570440318463045266854634092789923316019634195319186364987354661410697604753167801167177259691798259274535313963828899395054512892298208739898816592182784001477532694415068917387837429455519744.00
gstate $h
dot 15 -0.0001 -0.0001 -0.0001 0.0001 0.0001 0.0001 0.0001 0.0002 0.0000 -0.0000 -0.0000 0.0003 -0.0001 -0.0002 0.0000 -0.0001 0.0001 -0.0001 0.0000 0.0004 -0.0002 -0.0003 -0.0001 -0.0002 -0.0001 -0.0004 0.0003 -0.0002 -0.0002 -0.0004 -0.0002 0.0003 -0.0003 0.0002 -0.0002 -0.0004 -0.0002 -0.0004 0.0003 -0.0001 
dot 15 -0.0004 0.0002 -0.0002 -0.0003 -0.0001 -0.0004 -0.0002 0.0004 -0.0002 0.0004 -0.0003 -0.0004 -0.0000 -0.0002 0.0001 -0.0005 -0.0001 -0.0005 -0.0004 -0.0001 -0.0001 -0.0005 -0.0001 0.0005 -0.0004 -0.0003 0.0001 -0.0005 -0.0001 -0.0005 0.0000 -0.0005 -0.0001 0.0005 0.0001 -0.0005 -0.0001 0.0006 0.0001 0.0006 
dot 15 0.0001 -0.0006 -0.0001 0.0006 -0.0004 -0.0003 -0.0000 -0.0005 -0.0001 -0.0005 -0.0000 -0.0006 -0.0001 0.0006 0.0002 -0.0006 -0.0001 -0.0006 -0.0004 -0.0000 -0.0002 0.0004 -0.0002 -0.0006 -0.0003 -0.0005 -0.0001 -0.0002 -0.0004 -0.0004 -0.0004 0.0003 0.0000 -0.0006 -0.0000 -0.0006 0.0000 -0.0006 -0.0002 -0.0005 
dot 15 0.0000 -0.0006 -0.0000 -0.0007 -0.0000 -0.0007 -0.0000 -0.0007 -0.0001 -0.0007 0.0000 -0.0007 0.0000 -0.0006 -0.0005 -0.0002 0.0002 -0.0006 -0.0001 -0.0007 
clear
gstate $g
if {[check_session]} return
translate 0 90
scale 0.03
text 15 0 0 {META RECORDED DIRECTIONAL }
text 15 0 -100 TARGET=-1
text 15 0 -200 BEST=7.312E-09
text 15 0 -300 GENERATION=25
text 15 0 -500 PARENTS=-9266128936674546510708803659540666989570440318463045266854634092789923316019634195319186364987354661410697604753167801167177259691798259274535313963828899395054512892298208739898816592182784001477532694415068917387837429455519744.00
gstate $h
dot 15 -0.0001 0.0000 -0.0001 -0.0000 0.0001 0.0000 -0.0001 -0.0001 -0.0001 0.0001 -0.0001 0.0001 -0.0001 0.0001 0.0000 -0.0001 -0.0001 0.0001 -0.0000 -0.0001 0.0002 -0.0001 0.0001 0.0001 -0.0001 -0.0002 -0.0001 -0.0001 0.0001 0.0002 0.0001 0.0002 0.0000 -0.0000 -0.0000 0.0003 0.0001 -0.0002 -0.0001 -0.0002 
dot 15 0.0000 -0.0001 0.0000 0.0002 0.0001 -0.0001 -0.0001 -0.0002 -0.0003 -0.0001 -0.0001 -0.0000 -0.0003 -0.0000 -0.0002 -0.0002 0.0002 0.0001 0.0001 0.0001 0.0001 -0.0003 0.0002 0.0003 -0.0002 -0.0003 -0.0003 -0.0000 0.0002 0.0002 -0.0001 0.0003 0.0000 -0.0001 0.0001 -0.0001 -0.0004 0.0001 -0.0001 -0.0004 
dot 15 0.0000 0.0004 -0.0002 -0.0003 -0.0002 -0.0002 -0.0003 0.0003 -0.0003 -0.0001 -0.0001 -0.0002 0.0003 0.0002 -0.0001 -0.0003 -0.0001 -0.0004 0.0001 0.0004 -0.0002 -0.0004 -0.0003 -0.0003 -0.0002 0.0003 0.0002 0.0003 -0.0003 -0.0003 0.0001 0.0001 0.0002 0.0001 -0.0001 0.0004 0.0003 -0.0002 -0.0003 -0.0003 
dot 15 -0.0002 0.0003 -0.0001 -0.0004 -0.0002 -0.0004 -0.0002 -0.0004 -0.0003 -0.0003 0.0003 -0.0002 -0.0002 0.0003 -0.0003 0.0002 -0.0002 -0.0004 0.0000 -0.0004 
clear
gstate $g
if {[check_session]} return
translate 0 90
scale 0.03
text 15 0 0 {META RECORDED DIRECTIONAL }
text 15 0 -100 TARGET=-1
text 15 0 -200 BEST=7.312E-09
text 15 0 -300 GENERATION=26
text 15 0 -500 PARENTS=-9266128936674546510708803659540666989570440318463045266854634092789923316019634195319186364987354661410697604753167801167177259691798259274535313963828899395054512892298208739898816592182784001477532694415068917387837429455519744.00
gstate $h
dot 15 -0.0001 0.0000 -0.0001 0.0000 0.0000 0.0001 -0.0001 0.0001 -0.0001 -0.0000 -0.0001 0.0000 -0.0001 -0.0000 0.0001 0.0000 -0.0001 0.0001 -0.0001 -0.0001 -0.0001 0.0001 -0.0001 0.0001 -0.0001 0.0001 -0.0001 0.0001 -0.0001 0.0001 -0.0001 0.0001 -0.0001 -0.0001 -0.0001 0.0001 -0.0001 0.0001 -0.0001 0.0001 
dot 15 -0.0001 0.0001 -0.0001 0.0001 -0.0001 0.0001 0.0000 -0.0001 -0.0001 0.0001 -0.0001 0.0001 -0.0001 0.0001 -0.0001 0.0001 0.0000 -0.0001 -0.0001 0.0001 -0.0002 0.0001 -0.0002 0.0000 -0.0001 0.0001 0.0000 -0.0001 -0.0002 0.0001 -0.0001 -0.0001 -0.0001 -0.0001 -0.0001 -0.0001 -0.0001 0.0001 -0.0000 -0.0001 
dot 15 -0.0001 -0.0001 -0.0001 -0.0001 -0.0001 -0.0001 -0.0001 -0.0001 0.0000 0.0001 0.0000 0.0001 -0.0001 -0.0001 0.0002 -0.0001 -0.0001 0.0000 0.0002 -0.0001 -0.0001 -0.0000 -0.0001 0.0000 -0.0001 -0.0002 -0.0001 -0.0001 -0.0001 0.0001 0.0002 0.0000 -0.0001 -0.0001 -0.0002 -0.0000 0.0001 0.0001 -0.0002 0.0001 
dot 15 -0.0001 -0.0002 -0.0001 -0.0001 -0.0002 0.0002 0.0001 0.0002 -0.0001 -0.0002 0.0001 0.0002 0.0000 -0.0000 -0.0000 0.0003 -0.0003 0.0000 0.0001 -0.0002 
clear
gstate $g
if {[check_session]} return
translate 0 90
scale 0.03
text 15 0 0 {META RECORDED DIRECTIONAL }
text 15 0 -100 TARGET=-1
text 15 0 -200 BEST=7.312E-09
text 15 0 -300 GENERATION=27
text 15 0 -500 PARENTS=-9266128936674546510708803659540666989570440318463045266854634092789923316019634195319186364987354661410697604753167801167177259691798259274535313963828899395054512892298208739898816592182784001477532694415068917387837429455519744.00
gstate $h
dot 15 -0.0001 0.0000 -0.0000 -0.0001 -0.0001 0.0000 -0.0001 0.0000 -0.0001 0.0000 -0.0001 0.0000 -0.0001 0.0000 -0.0001 0.0000 -0.0001 -0.0000 -0.0001 0.0000 -0.0001 0.0000 -0.0001 0.0000 -0.0001 -0.0000 0.0000 0.0001 -0.0001 0.0000 -0.0001 0.0000 -0.0001 0.0000 -0.0001 -0.0000 -0.0001 0.0001 -0.0001 0.0001 
dot 15 -0.0001 -0.0000 -0.0001 0.0000 -0.0001 0.0000 -0.0001 0.0001 -0.0001 -0.0000 -0.0001 0.0000 -0.0001 0.0001 -0.0001 -0.0000 -0.0001 0.0000 -0.0001 0.0001 -0.0001 0.0000 -0.0001 0.0000 -0.0001 0.0001 -0.0001 0.0001 -0.0001 0.0001 -0.0001 0.0000 -0.0001 0.0001 -0.0001 0.0000 -0.0001 0.0000 -0.0001 0.0000 
dot 15 -0.0001 0.0001 -0.0001 0.0001 -0.0001 0.0001 -0.0001 0.0001 -0.0001 0.0001 -0.0001 0.0000 -0.0001 0.0001 -0.0001 0.0000 -0.0001 0.0001 -0.0001 -0.0000 -0.0001 0.0000 -0.0001 0.0000 -0.0001 0.0001 -0.0001 0.0001 0.0001 0.0000 -0.0001 0.0001 -0.0001 0.0001 -0.0001 -0.0001 -0.0001 0.0001 -0.0001 0.0001 
dot 15 -0.0001 0.0001 -0.0001 0.0001 -0.0001 0.0001 -0.0001 0.0000 -0.0001 0.0001 -0.0001 0.0000 -0.0001 0.0001 -0.0001 0.0001 -0.0001 0.0001 -0.0001 0.0001 
clear
gstate $g
if {[check_session]} return
translate 0 90
scale 0.03
text 15 0 0 {META RECORDED DIRECTIONAL }
text 15 0 -100 TARGET=-1
text 15 0 -200 BEST=1.592E-09
text 15 0 -300 GENERATION=28
text 15 0 -500 PARENTS=-9266128936674546510708803659540666989570440318463045266854634092789923316019634195319186364987354661410697604753167801167177259691798259274535313963828899395054512892298208739898816592182784001477532694415068917387837429455519744.00
gstate $h
dot 15 -0.0000 0.0000 0.0000 -0.0000 0.0000 -0.0000 -0.0000 -0.0000 -0.0000 0.0000 -0.0000 0.0000 -0.0000 -0.0001 -0.0001 0.0000 -0.0001 0.0000 -0.0001 -0.0000 -0.0001 0.0001 -0.0001 0.0000 -0.0001 0.0000 -0.0001 0.0000 -0.0001 0.0000 -0.0001 0.0000 0.0000 -0.0000 0.0000 -0.0001 -0.0000 -0.0000 -0.0001 -0.0000 
dot 15 -0.0001 0.0001 -0.0001 -0.0000 -0.0001 0.0000 -0.0001 0.0001 -0.0000 -0.0000 -0.0001 0.0001 -0.0001 0.0000 0.0001 -0.0000 -0.0001 0.0000 -0.0001 0.0000 -0.0001 -0.0000 -0.0001 0.0000 -0.0001 0.0001 -0.0000 -0.0001 -0.0001 -0.0000 -0.0001 -0.0001 -0.0001 0.0000 -0.0001 0.0000 -0.0001 0.0000 -0.0001 0.0000 
dot 15 -0.0001 0.0000 0.0000 -0.0001 -0.0001 0.0000 -0.0000 -0.0001 -0.0001 0.0000 -0.0001 0.0000 -0.0001 0.0000 -0.0001 0.0000 -0.0001 0.0001 -0.0001 0.0000 -0.0001 0.0000 -0.0001 0.0000 -0.0001 0.0000 -0.0001 0.0000 -0.0001 0.0000 -0.0000 -0.0001 -0.0001 0.0000 -0.0001 -0.0001 -0.0001 0.0000 -0.0001 0.0001 
dot 15 -0.0001 0.0000 -0.0001 0.0000 -0.0001 0.0000 -0.0001 0.0000 -0.0001 0.0000 -0.0001 0.0000 -0.0001 0.0000 -0.0001 -0.0000 -0.0001 0.0000 -0.0001 0.0000 
clear
gstate $g
if {[check_session]} return
translate 0 90
scale 0.03
text 15 0 0 {META RECORDED DIRECTIONAL }
text 15 0 -100 TARGET=-1
text 15 0 -200 BEST=3.522E-10
text 15 0 -300 GENERATION=29
text 15 0 -500 PARENTS=-9266128936674546510708803659540666989570440318463045266854634092789923316019634195319186364987354661410697604753167801167177259691798259274535313963828899395054512892298208739898816592182784001477532694415068917387837429455519744.00
gstate $h
dot 15 -0.0000 -0.0000 0.0000 -0.0000 -0.0000 -0.0000 -0.0000 -0.0000 0.0000 0.0000 -0.0000 0.0000 0.0000 -0.0000 -0.0000 0.0000 -0.0000 0.0000 0.0000 -0.0000 0.0000 -0.0000 -0.0000 -0.0000 0.0000 -0.0000 -0.0000 -0.0000 -0.0000 -0.0000 0.0000 -0.0000 -0.0000 0.0000 0.0000 0.0000 -0.0000 -0.0000 -0.0000 0.0000 
dot 15 -0.0000 0.0000 -0.0000 -0.0000 -0.0000 0.0000 0.0000 0.0000 -0.0000 0.0000 -0.0000 -0.0000 -0.0000 0.0000 0.0001 -0.0000 -0.0001 0.0000 -0.0001 0.0000 -0.0000 0.0000 0.0000 -0.0001 -0.0000 0.0000 0.0000 0.0001 -0.0000 -0.0000 -0.0001 -0.0000 -0.0000 -0.0000 -0.0000 -0.0000 -0.0001 0.0000 -0.0000 0.0000 
dot 15 -0.0000 -0.0001 -0.0001 0.0000 0.0000 -0.0001 -0.0000 -0.0000 -0.0000 0.0000 -0.0001 0.0000 0.0000 -0.0001 -0.0001 0.0000 -0.0001 0.0000 -0.0000 0.0000 0.0001 0.0000 -0.0000 -0.0000 -0.0001 -0.0000 -0.0000 0.0001 -0.0001 0.0001 -0.0000 -0.0000 0.0000 -0.0000 0.0000 0.0001 -0.0000 0.0001 0.0000 0.0001 
dot 15 -0.0000 0.0001 -0.0001 0.0000 -0.0001 0.0001 -0.0001 0.0001 -0.0001 0.0000 -0.0001 0.0000 -0.0001 0.0000 -0.0000 0.0000 0.0000 -0.0001 -0.0001 0.0000 
clear
gstate $g
if {[check_session]} return
translate 0 90
scale 0.03
text 15 0 0 {META RECORDED DIRECTIONAL }
text 15 0 -100 TARGET=-1
text 15 0 -200 BEST=3.522E-10
text 15 0 -300 GENERATION=30
text 15 0 -500 PARENTS=-9266128936674546510708803659540666989570440318463045266854634092789923316019634195319186364987354661410697604753167801167177259691798259274535313963828899395054512892298208739898816592182784001477532694415068917387837429455519744.00
gstate $h
dot 15 -0.0000 -0.0000 0.0000 -0.0000 -0.0000 -0.0000 0.0000 -0.0000 -0.0000 -0.0000 0.0000 -0.0000 -0.0000 0.0000 0.0000 -0.0000 -0.0000 0.0000 0.0000 -0.0000 0.0000 0.0000 -0.0000 0.0000 0.0000 0.0000 0.0000 0.0000 -0.0000 0.0000 0.0000 0.0000 -0.0000 0.0000 0.0000 0.0000 0.0000 -0.0000 0.0000 -0.0000 
dot 15 -0.0000 0.0000 -0.0000 0.0000 0.0000 0.0000 0.0000 0.0000 0.0000 -0.0000 -0.0000 0.0000 0.0000 -0.0000 0.0000 -0.0000 -0.0000 0.0000 0.0000 -0.0000 0.0000 -0.0000 -0.0000 -0.0000 0.0000 -0.0000 0.0000 0.0000 0.0000 -0.0000 0.0000 -0.0000 0.0000 -0.0000 0.0000 -0.0000 0.0000 0.0000 0.0000 -0.0000 
dot 15 0.0000 -0.0000 0.0000 -0.0000 0.0000 0.0000 0.0000 -0.0000 0.0000 -0.0000 0.0000 -0.0000 -0.0000 -0.0000 -0.0000 -0.0000 -0.0000 0.0000 -0.0000 -0.0000 0.0000 -0.0000 -0.0000 0.0000 0.0000 -0.0000 -0.0000 -0.0000 0.0000 0.0000 -0.0000 -0.0000 0.0000 -0.0000 -0.0000 -0.0000 0.0000 -0.0000 0.0000 -0.0000 
dot 15 -0.0000 0.0000 -0.0000 -0.0000 0.0000 -0.0000 -0.0000 -0.0000 -0.0000 0.0000 0.0000 0.0000 -0.0000 -0.0000 0.0000 0.0000 0.0000 -0.0000 -0.0000 0.0000 
gstate $g
if {[check_session]} return
