notice "Spiral again, watch for tunnelling"
set g [gstate]
scale 2.500 2.500
translate 20.000 20.000
set h [gstate]
clear
gstate $g
if {[check_session]} return
translate 0 90
scale 0.03
text 15 0 0 {META RECORDED DIRECTIONAL }
text 15 0 -100 TARGET=1E-06
text 15 0 -200 BEST=1
text 15 0 -300 GENERATION=0
text 15 0 -500 PARENTS=-9266128936674546510708803659540666989570440318463045266854634092789923316019634195319186364987354661410697604753167801167177259691798259274535313963828899395054512892298208739898816592182784001477532694415068917387837429455519744.00
gstate $h
dot 15 18.7304 15.5669 18.5790 15.5488 18.7984 15.5338 18.5234 15.5683 18.6195 15.5659 18.5454 15.5852 18.5478 15.5438 18.7935 15.5167 18.6873 15.6128 18.5443 15.6880 18.7841 15.6381 18.5411 15.5101 18.5713 15.5136 18.6699 15.5387 18.6212 15.6707 18.5769 15.6629 18.7906 15.5205 18.6624 15.5937 18.7144 15.5901 18.5730 15.5166 
dot 15 18.5232 15.6355 18.6668 15.5911 18.6467 15.6692 18.5797 15.5045 18.7908 15.5034 18.7521 15.5307 18.5182 15.5809 18.7925 15.5357 18.5784 15.6616 18.6046 15.6878 18.7300 15.5560 18.7191 15.6712 18.7815 15.6657 18.6119 15.6999 18.7420 15.6097 18.7339 15.6043 18.7975 15.5637 18.7805 15.6035 18.6611 15.5024 18.6930 15.6567 
dot 15 18.6376 15.5711 18.6065 15.5117 18.5620 15.6368 18.6749 15.6256 18.6395 15.6229 18.6262 15.6820 18.7700 15.6405 18.7006 15.6850 18.6522 15.5505 18.5754 15.5907 18.5764 15.6481 18.5605 15.5024 18.7262 15.5948 18.6213 15.6094 18.5984 15.5669 18.7085 15.6602 18.7804 15.5197 18.7542 15.6387 18.7124 15.5356 18.5203 15.6529 
dot 15 18.5366 15.5215 18.7152 15.5859 18.5879 15.5851 18.6624 15.6122 18.5874 15.5511 18.7672 15.5170 18.7706 15.6013 18.6219 15.5509 18.5441 15.5353 18.5508 15.5299 
clear
gstate $g
if {[check_session]} return
translate 0 90
scale 0.03
text 15 0 0 {META RECORDED DIRECTIONAL }
text 15 0 -100 TARGET=1E-06
text 15 0 -200 BEST=1
text 15 0 -300 GENERATION=1
text 15 0 -500 PARENTS=-9266128936674546510708803659540666989570440318463045266854634092789923316019634195319186364987354661410697604753167801167177259691798259274535313963828899395054512892298208739898816592182784001477532694415068917387837429455519744.00
gstate $h
dot 15 18.6934 15.5840 18.5496 15.5035 18.7993 15.5406 18.5075 15.5479 18.6145 15.6176 18.5224 15.5714 18.5712 15.5311 18.8075 15.5565 18.6593 15.6572 18.5196 15.6658 18.7910 15.6466 18.5254 15.5312 18.5106 15.5222 18.6531 15.5331 18.6526 15.6617 18.6085 15.6919 18.7443 15.5477 18.6236 15.5723 18.6741 15.5922 18.6002 15.4981 
dot 15 18.7463 15.5430 18.5469 15.5657 18.8132 15.5211 18.5492 15.6422 18.5810 15.5079 18.5917 15.6045 18.5542 15.6002 18.7740 15.5380 18.6764 15.5644 18.5939 15.7579 18.7665 15.6584 18.5574 15.4719 18.5262 15.5475 18.6528 15.5225 18.5820 15.6408 18.6141 15.6895 18.7567 15.5445 18.6118 15.5554 18.7623 15.5548 18.5858 15.4950 
dot 15 18.7382 15.6400 18.5623 15.5463 18.8254 15.5726 18.5230 15.5431 18.6231 15.5616 18.5071 15.6556 18.5880 15.5582 18.7379 15.4893 18.6859 15.6818 18.4910 15.6866 18.8296 15.6284 18.5932 15.5059 18.5550 15.4870 18.6741 15.5364 18.6041 15.6537 18.5981 15.6760 18.7783 15.4868 18.6359 15.5899 18.7220 15.6329 18.6213 15.4868 
dot 15 18.7579 15.5296 18.5684 15.5506 18.7682 15.5217 18.5288 15.5788 18.6286 15.5487 18.5180 15.5972 18.5601 15.5389 18.7906 15.5691 18.7020 15.6352 18.5181 15.7287 
clear
gstate $g
if {[check_session]} return
translate 0 90
scale 0.03
text 15 0 0 {META RECORDED DIRECTIONAL }
text 15 0 -100 TARGET=1E-06
text 15 0 -200 BEST=1
text 15 0 -300 GENERATION=2
text 15 0 -500 PARENTS=-9266128936674546510708803659540666989570440318463045266854634092789923316019634195319186364987354661410697604753167801167177259691798259274535313963828899395054512892298208739898816592182784001477532694415068917387837429455519744.00
gstate $h
dot 15 18.4656 15.7510 18.5082 15.4721 18.7714 15.5817 18.4875 15.5524 18.6711 15.4559 18.4899 15.5534 18.5738 15.4887 18.8045 15.5275 18.6349 15.6987 18.5014 15.6510 18.7095 15.5833 18.5490 15.4949 18.4308 15.5441 18.7005 15.7518 18.7007 15.6367 18.6636 15.7457 18.8258 15.4185 18.5710 15.5562 18.6346 15.6089 18.6617 15.4511 
dot 15 18.7520 15.5395 18.5658 15.4418 18.7139 15.5090 18.4811 15.4940 18.6401 15.7806 18.4903 15.5406 18.5331 15.4586 18.7604 15.5258 18.6962 15.5818 18.4898 15.6348 18.7313 15.6629 18.4996 15.5946 18.4091 15.5227 18.6620 15.5970 18.7401 15.6536 18.6970 15.7641 18.5428 15.7638 18.5796 15.5373 18.6743 15.5884 18.5827 15.5319 
dot 15 18.4812 15.4221 18.5107 15.3871 18.7941 15.4918 18.4887 15.5197 18.6178 15.8295 18.4652 15.5349 18.6116 15.5971 18.8444 15.5434 18.6325 15.7557 18.4872 15.6346 18.7368 15.6643 18.5575 15.5827 18.4657 15.5366 18.7144 15.4772 18.6248 15.6477 18.6482 15.7389 18.6077 15.4113 18.5555 15.5508 18.5785 15.6184 18.5173 15.5449 
dot 15 18.7144 15.7290 18.5275 15.4438 18.7147 15.4848 18.4988 15.4984 18.7136 15.6885 18.5008 15.5433 18.6977 15.4373 18.7996 15.5993 18.6274 15.6619 18.5035 15.6518 
clear
gstate $g
if {[check_session]} return
translate 0 90
scale 0.03
text 15 0 0 {META RECORDED DIRECTIONAL }
text 15 0 -100 TARGET=1E-06
text 15 0 -200 BEST=1
text 15 0 -300 GENERATION=3
text 15 0 -500 PARENTS=-9266128936674546510708803659540666989570440318463045266854634092789923316019634195319186364987354661410697604753167801167177259691798259274535313963828899395054512892298208739898816592182784001477532694415068917387837429455519744.00
gstate $h
dot 15 17.8247 16.1904 18.5861 15.3971 18.7431 15.6175 18.5054 15.6062 18.7145 15.3493 18.4384 15.5271 18.5903 15.4192 18.7968 15.3659 18.6284 15.7988 18.4829 15.6319 18.8616 15.0572 18.5968 15.6002 18.4952 15.5353 18.7035 15.7883 18.7075 15.7139 18.8123 15.8787 18.8123 15.5401 18.2494 15.5797 18.6099 15.6013 18.6717 15.3416 
dot 15 18.1198 15.9855 18.4375 15.5329 18.7043 15.6708 18.4029 15.6116 18.6723 15.3959 18.4501 15.5311 18.6012 15.4516 18.8811 15.5083 18.6775 15.6640 18.4704 15.6225 18.5731 15.9613 18.6224 15.3955 18.2123 15.6240 18.6781 15.6509 18.5567 15.5421 18.6778 15.7621 18.8315 15.3959 18.6213 15.2990 18.5948 15.6214 18.8304 15.3592 
dot 15 18.1127 16.0099 18.2340 15.3141 18.7387 15.5975 18.5360 15.5140 18.7637 15.2681 18.4322 15.5230 18.5724 15.4674 18.8398 15.4388 18.6857 15.7050 18.4613 15.6178 19.1498 15.3094 18.6006 15.3470 18.3340 15.7052 18.8430 16.5861 18.7750 15.5568 18.6604 15.7521 18.8646 15.2385 18.1893 15.4969 18.5744 15.5489 18.8171 15.4864 
dot 15 17.9154 16.2247 18.4786 15.4173 18.7172 15.6603 18.4841 15.5583 18.7769 15.1445 18.4016 15.5039 18.5355 15.4575 18.9695 15.3772 18.5419 15.7933 18.4447 15.6116 
clear
gstate $g
if {[check_session]} return
translate 0 90
scale 0.03
text 15 0 0 {META RECORDED DIRECTIONAL }
text 15 0 -100 TARGET=1E-06
text 15 0 -200 BEST=1
text 15 0 -300 GENERATION=4
text 15 0 -500 PARENTS=-9266128936674546510708803659540666989570440318463045266854634092789923316019634195319186364987354661410697604753167801167177259691798259274535313963828899395054512892298208739898816592182784001477532694415068917387837429455519744.00
gstate $h
dot 15 16.6094 15.3298 16.4076 16.6391 16.3813 16.9135 16.5370 16.6553 17.3151 15.8025 17.3783 16.0717 16.9609 17.1672 17.5923 15.9082 17.2312 16.8480 17.6564 16.0721 18.0037 15.3467 17.8247 16.1904 18.7133 15.3560 19.4007 13.1355 18.4910 15.8271 18.6460 15.4067 18.7030 15.8477 18.7613 15.6405 19.2560 16.2462 18.3138 15.5165 
dot 15 18.6465 15.5340 18.8138 15.7768 18.6876 15.6546 18.5543 15.2784 18.7133 15.2778 18.4699 15.5483 18.6020 15.4440 18.7945 15.2382 18.5317 15.8918 18.4204 15.5718 18.6487 16.0941 18.7883 15.5357 18.7172 15.8416 18.5230 15.6034 18.7458 15.8240 18.9506 15.9167 18.8502 15.6188 19.1629 14.0743 18.6287 15.4980 18.6351 15.4252 
dot 15 18.8592 15.0236 18.6194 15.4002 18.6380 15.7377 18.5932 15.7442 18.8121 15.4767 18.3654 15.4916 18.6180 15.2726 18.9577 15.6965 18.5988 16.0376 18.4480 15.5974 19.1858 13.9516 18.2400 15.5006 18.5103 15.3439 18.7170 15.8462 18.6994 15.7792 19.1703 16.1642 18.4216 15.5705 18.5537 15.8158 18.5864 15.5793 18.7271 15.3541 
dot 15 18.2215 15.8090 18.6926 15.3477 18.7123 15.6318 18.5043 15.6535 18.4858 15.4646 18.5023 15.5613 18.6371 15.2460 18.7749 15.5796 18.6235 16.0980 18.4609 15.6098 
clear
gstate $g
if {[check_session]} return
translate 0 90
scale 0.03
text 15 0 0 {META RECORDED DIRECTIONAL }
text 15 0 -100 TARGET=1E-06
text 15 0 -200 BEST=0.9964
text 15 0 -300 GENERATION=5
text 15 0 -500 PARENTS=-9266128936674546510708803659540666989570440318463045266854634092789923316019634195319186364987354661410697604753167801167177259691798259274535313963828899395054512892298208739898816592182784001477532694415068917387837429455519744.00
gstate $h
dot 15 15.4014 15.5401 14.3228 17.9109 13.9132 18.3326 14.6690 16.8329 15.9478 15.1797 15.3275 15.1883 15.5572 16.1878 15.9117 15.4243 15.1353 17.0241 14.8557 17.6680 13.5430 18.2217 15.0784 17.5334 14.4757 16.4933 15.4399 16.9469 15.6008 16.6670 16.2652 15.3140 15.2293 14.2787 16.0018 16.1359 14.9304 18.1523 13.7018 17.4825 
dot 15 15.8688 16.4889 16.0163 16.2021 14.9006 14.9815 15.5025 17.3705 15.3827 17.5944 14.7311 15.0667 15.6848 17.2602 16.6094 15.3298 15.6472 17.4981 15.9424 16.9814 16.4338 15.9911 14.5593 14.9343 15.5201 17.8659 13.1117 17.6479 16.3605 16.3721 14.9998 18.8591 16.0150 17.1112 16.3280 16.6125 17.1387 14.6649 12.9767 17.5808 
dot 15 14.9557 19.1358 16.1004 17.2427 16.4076 16.6391 16.8486 15.7444 14.2008 14.9264 16.3486 16.9313 16.3813 16.9135 16.5370 16.6553 16.4108 16.9271 17.1973 15.1558 17.3622 14.7068 15.6298 18.4353 16.7771 16.2234 12.5345 17.7798 15.7628 18.2265 16.6663 16.5148 16.4439 17.0441 15.4851 18.8255 16.1413 17.7121 17.7832 13.7424 
dot 15 15.2321 19.3081 17.0939 15.8802 17.1099 15.8448 16.0081 18.1708 13.7464 14.9151 16.5384 17.3102 16.8230 16.7445 17.4601 15.2377 16.8132 16.8026 16.9533 16.5524 
clear
gstate $g
if {[check_session]} return
translate 0 90
scale 0.03
text 15 0 0 {META RECORDED DIRECTIONAL }
text 15 0 -100 TARGET=1E-06
text 15 0 -200 BEST=0.9962
text 15 0 -300 GENERATION=6
text 15 0 -500 PARENTS=-9266128936674546510708803659540666989570440318463045266854634092789923316019634195319186364987354661410697604753167801167177259691798259274535313963828899395054512892298208739898816592182784001477532694415068917387837429455519744.00
gstate $h
dot 15 15.6503 15.0660 15.5290 15.4610 15.5033 15.2928 15.4014 15.5401 15.0864 16.2739 14.7293 17.2277 14.3228 17.9109 14.4819 17.3670 15.4353 15.1931 14.0993 18.0309 13.9132 18.3326 13.3796 19.1801 14.8026 17.3755 14.6690 16.8329 12.0890 20.8599 15.9067 15.2720 15.8973 15.2985 15.9478 15.1797 15.4289 16.3233 14.0725 17.8193 
dot 15 15.3402 16.5402 14.7095 16.6020 14.9197 17.3234 15.3275 15.1883 15.3374 15.1227 16.3799 14.1759 15.5572 16.1878 15.9117 15.4243 15.1353 17.0241 15.9694 15.3063 13.2883 18.9321 15.9546 15.4024 15.2521 15.1934 15.9873 15.3649 15.2384 15.1793 15.0905 17.2362 15.1679 17.1033 14.8557 17.6680 13.8426 17.9113 14.5749 16.5848 
dot 15 15.2575 16.9758 11.3652 21.1842 15.1420 17.1940 16.0398 15.3554 14.1867 17.2851 14.3558 16.9340 12.9342 19.2131 15.2462 14.9814 16.1465 15.1815 14.0367 17.4216 9.8747 23.5209 13.5430 18.2217 15.0784 17.5334 15.1351 15.0266 13.9464 17.4749 14.4757 16.4933 16.1827 15.3157 13.3463 18.3919 15.4399 16.9469 11.4299 20.8445 
dot 15 15.7107 16.4389 14.3549 16.6357 15.0067 15.2235 15.6008 16.6670 14.4315 16.4822 12.9891 18.8716 13.8635 17.5140 15.9095 16.0669 16.2652 15.3140 14.3796 16.4764 
clear
gstate $g
if {[check_session]} return
translate 0 90
scale 0.03
text 15 0 0 {META RECORDED DIRECTIONAL }
text 15 0 -100 TARGET=1E-06
text 15 0 -200 BEST=0.1361
text 15 0 -300 GENERATION=7
text 15 0 -500 PARENTS=-9266128936674546510708803659540666989570440318463045266854634092789923316019634195319186364987354661410697604753167801167177259691798259274535313963828899395054512892298208739898816592182784001477532694415068917387837429455519744.00
gstate $h
dot 15 4.8718 2.8422 15.6503 15.0660 15.6993 15.1833 15.6044 15.2344 15.5556 15.4231 15.6129 15.3701 15.5914 15.1981 15.5290 15.4610 15.5273 15.4942 15.5879 15.1601 15.5558 15.5223 15.6698 15.3276 15.6661 15.3617 15.5955 15.0566 15.5033 15.2928 15.4113 15.5190 15.4014 15.5401 15.8020 15.1493 15.5186 15.2103 15.7174 15.3672 
dot 15 15.5165 15.1718 15.0864 16.2739 15.4897 15.1990 15.2489 15.7995 15.4843 15.1854 14.7293 17.2277 14.6269 17.2505 15.5715 14.9369 15.5789 15.7351 15.5062 15.1108 14.9781 16.3804 14.4040 17.5929 14.3228 17.9109 14.3502 17.8901 15.4949 15.0718 15.8150 15.2909 14.4819 17.3670 15.7695 15.4098 15.1702 16.6285 15.4353 15.1931 
dot 15 14.4512 17.3930 14.0993 18.0309 15.7412 15.5048 15.4988 14.9915 13.9132 18.3326 15.1567 16.6960 15.8123 15.3656 13.3796 19.1801 14.0321 18.0570 15.7928 15.4552 14.8026 17.3755 14.6984 17.5547 14.6690 16.8329 15.3357 16.4355 15.3853 15.1908 14.6615 16.8085 12.0890 20.8599 15.5090 14.8107 15.3847 15.1415 15.9067 15.2720 
dot 15 15.8973 15.2985 15.9478 15.1797 13.9205 18.1201 15.8949 15.3142 15.4289 16.3233 15.9255 15.2636 16.0103 15.0763 13.8710 18.1597 14.0725 17.8193 15.8932 15.3670 
clear
gstate $g
if {[check_session]} return
translate 0 90
scale 0.03
text 15 0 0 {META RECORDED DIRECTIONAL }
text 15 0 -100 TARGET=1E-06
text 15 0 -200 BEST=0.1361
text 15 0 -300 GENERATION=8
text 15 0 -500 PARENTS=-9266128936674546510708803659540666989570440318463045266854634092789923316019634195319186364987354661410697604753167801167177259691798259274535313963828899395054512892298208739898816592182784001477532694415068917387837429455519744.00
gstate $h
dot 15 4.8718 2.8422 6.3462 -1.6953 15.8738 14.6614 15.8421 14.5347 15.7139 15.0782 15.7103 15.0905 15.6742 15.1184 15.6855 14.9832 15.6446 15.1664 15.6280 15.2162 15.6725 15.0003 15.7456 15.0859 15.6734 14.9908 15.7040 15.1648 15.6503 15.0660 15.6162 15.1917 15.6993 15.1833 15.6044 15.2344 15.6052 15.3193 15.5761 15.3137 
dot 15 15.6230 15.3430 15.5556 15.4231 15.5624 15.4320 15.6129 15.3701 15.5914 15.1981 15.5290 15.4610 15.5705 15.4510 15.5273 15.4942 15.5633 15.2756 15.5481 15.3075 15.4945 15.5543 15.5098 15.5794 15.5879 15.1601 15.5558 15.5223 15.6471 14.9645 15.5814 15.4861 15.5804 15.4912 15.5429 15.2816 15.6698 15.3276 15.6704 15.3286 
dot 15 15.7042 15.2659 15.5902 15.4910 15.5651 15.1942 15.5970 15.4839 15.7557 15.1679 15.4404 15.5773 15.6979 15.2884 15.5950 15.4900 15.5832 15.1290 15.5065 15.3533 15.6661 15.3617 15.6355 14.9600 15.4059 15.6572 15.6791 15.3455 15.5955 15.0566 15.4967 15.3457 15.6780 15.3623 15.6243 14.9583 15.6948 15.3474 15.4171 15.5396 
dot 15 15.5033 15.2928 15.6923 15.3724 15.5685 15.6280 15.4113 15.5190 15.5539 15.1158 15.4014 15.5401 15.5212 15.2051 15.4702 15.3475 15.8020 15.1493 15.5186 15.2103 
clear
gstate $g
if {[check_session]} return
translate 0 90
scale 0.03
text 15 0 0 {META RECORDED DIRECTIONAL }
text 15 0 -100 TARGET=1E-06
text 15 0 -200 BEST=0.1361
text 15 0 -300 GENERATION=9
text 15 0 -500 PARENTS=-9266128936674546510708803659540666989570440318463045266854634092789923316019634195319186364987354661410697604753167801167177259691798259274535313963828899395054512892298208739898816592182784001477532694415068917387837429455519744.00
gstate $h
dot 15 4.8718 2.8422 5.2191 -1.6391 6.3462 -1.6953 8.9969 -2.5101 16.5597 12.2556 16.1309 13.7587 16.1054 13.8799 16.1727 13.8835 16.2064 13.8923 15.8788 14.5383 15.8738 14.6614 15.9362 14.1771 15.8421 14.5347 15.7828 14.7864 15.7823 14.8586 15.7903 14.7125 16.0348 13.7699 15.7634 14.9662 15.7749 14.9587 15.8492 14.4447 
dot 15 15.7180 15.0650 15.7909 14.9530 15.6911 15.0252 15.7139 15.0782 15.7103 15.0905 15.6929 15.1083 15.6798 15.0631 15.6742 15.1184 15.6655 15.1356 15.7128 14.8923 15.6919 15.1444 15.7246 14.8413 15.7367 15.0787 15.6855 14.9832 15.6784 15.0036 15.6446 15.1664 15.6750 15.0135 15.7421 14.7680 15.7227 15.1143 15.6923 14.9400 
dot 15 15.7088 14.8794 15.7584 15.0531 15.6280 15.2162 15.7496 15.0732 15.6582 15.0579 15.6739 14.9985 15.6745 15.2012 15.6255 15.2166 15.6725 15.0003 15.7456 15.0859 15.6734 14.9908 15.6572 15.2356 15.7040 15.1648 15.6503 15.0660 15.6120 15.2790 15.6162 15.1917 15.6993 15.1833 15.6044 15.2344 15.6894 14.9154 15.6052 15.3193 
dot 15 15.7321 15.1275 15.6998 15.1879 15.5999 15.2316 15.5807 15.3141 15.5776 15.3179 15.5761 15.3137 15.5690 15.3144 15.6088 15.3651 15.6203 15.3531 15.6929 14.8691 
clear
gstate $g
if {[check_session]} return
translate 0 90
scale 0.03
text 15 0 0 {META RECORDED DIRECTIONAL }
text 15 0 -100 TARGET=1E-06
text 15 0 -200 BEST=0.1361
text 15 0 -300 GENERATION=10
text 15 0 -500 PARENTS=-9266128936674546510708803659540666989570440318463045266854634092789923316019634195319186364987354661410697604753167801167177259691798259274535313963828899395054512892298208739898816592182784001477532694415068917387837429455519744.00
gstate $h
dot 15 4.8718 2.8422 3.3758 -0.6135 3.1356 -0.5219 5.0469 -1.5882 5.2191 -1.6391 1.6442 8.5143 6.3462 -1.6953 8.9969 -2.5101 4.0016 -1.7965 16.6760 11.9212 16.5597 12.2556 16.4881 12.3651 16.4687 12.5078 16.6080 12.3216 16.4467 12.8128 16.5176 11.8368 16.4008 12.9552 16.3770 12.9972 16.9132 11.0914 16.3740 13.1526 
dot 15 16.3326 12.9043 16.2987 13.3312 16.6480 12.3314 16.1811 13.6982 16.3610 12.5398 16.1309 13.7587 16.1676 13.5077 16.1054 13.8799 16.4378 13.1586 16.1019 13.9949 16.1727 13.8835 16.2939 13.5875 15.9981 14.1626 16.0954 13.6988 16.5513 12.8518 15.9715 14.3037 16.5280 12.9360 16.2064 13.8923 16.3633 13.4720 15.8788 14.5383 
dot 15 15.8773 14.6050 16.0502 13.7882 15.8738 14.6614 16.1890 13.1808 16.9606 11.0981 15.8054 14.7379 15.9362 14.1771 15.8677 14.7330 15.8421 14.5347 16.0769 13.6281 15.8304 14.5736 15.7798 14.8119 15.7828 14.7864 15.7823 14.8586 16.3664 13.5243 15.7800 14.7633 15.9372 14.6150 15.7903 14.7125 15.7943 14.6824 15.7497 14.9506 
dot 15 16.0348 13.7699 15.7352 14.9791 15.9570 14.5925 15.7634 14.9662 15.7685 14.9639 15.7734 14.9603 15.7749 14.9587 15.8492 14.4447 16.6138 12.7347 15.7115 15.0410 
clear
gstate $g
if {[check_session]} return
translate 0 90
scale 0.03
text 15 0 0 {META RECORDED DIRECTIONAL }
text 15 0 -100 TARGET=1E-06
text 15 0 -200 BEST=0.1361
text 15 0 -300 GENERATION=11
text 15 0 -500 PARENTS=-9266128936674546510708803659540666989570440318463045266854634092789923316019634195319186364987354661410697604753167801167177259691798259274535313963828899395054512892298208739898816592182784001477532694415068917387837429455519744.00
gstate $h
dot 15 4.8718 2.8422 7.1057 3.4247 3.3808 -0.1963 3.2352 0.2302 3.4171 -0.6098 3.3758 -0.6135 3.5218 -0.7452 3.5433 -0.8034 4.0443 -0.7842 3.1356 -0.5219 5.0469 -1.5882 4.9691 -1.4820 5.2191 -1.6391 3.9403 -1.3133 4.3513 -0.8615 1.6442 8.5143 9.8836 -1.8206 4.4865 -1.8916 6.3462 -1.6953 8.9969 -2.5101 
dot 15 7.8482 -1.8387 4.0016 -1.7965 16.8720 10.1064 16.8031 10.9116 17.0045 9.6891 16.7538 11.2813 16.6866 11.2352 16.6755 11.7456 16.6390 11.9094 16.8959 10.8732 16.5930 11.7083 16.5816 11.9796 16.8202 11.3251 16.6760 11.9212 16.5574 11.8730 16.5597 12.2556 16.5195 12.1833 16.6737 11.9936 16.5136 12.1600 16.4881 12.3651 
dot 15 16.6618 10.4144 16.5050 12.5381 16.4687 12.5078 16.4954 12.1383 16.6080 12.3216 16.4161 12.7934 16.7028 12.0026 16.4467 12.8128 16.5176 11.8368 16.5730 11.3562 16.8861 11.1684 16.4008 12.9552 16.3770 12.9972 16.3688 13.0048 16.5139 11.7721 16.3435 12.8667 16.9885 10.5960 16.5547 12.6328 16.9132 11.0914 16.3740 13.1526 
dot 15 16.3089 13.0601 16.2757 13.3457 16.2669 13.3308 16.4902 12.8788 16.2707 13.1963 16.3477 12.7125 16.7722 11.8828 16.9898 10.6897 16.5154 12.8614 16.2840 12.9764 
clear
gstate $g
if {[check_session]} return
translate 0 90
scale 0.03
text 15 0 0 {META RECORDED DIRECTIONAL }
text 15 0 -100 TARGET=1E-06
text 15 0 -200 BEST=0.1361
text 15 0 -300 GENERATION=12
text 15 0 -500 PARENTS=-9266128936674546510708803659540666989570440318463045266854634092789923316019634195319186364987354661410697604753167801167177259691798259274535313963828899395054512892298208739898816592182784001477532694415068917387837429455519744.00
gstate $h
dot 15 4.8718 2.8422 4.5626 2.7232 4.7045 3.6234 7.1057 3.4247 2.8726 0.6066 2.9539 0.4742 2.7002 0.5569 3.2338 -0.0691 3.1894 0.1279 3.0825 0.4931 6.5630 3.4460 3.3808 -0.1963 3.4395 -0.3450 3.2352 0.2302 3.4932 -0.5898 3.0653 0.8132 3.3478 0.0477 3.1234 -0.3165 3.4171 -0.6098 3.8535 -0.8899 
dot 15 3.5413 -0.7383 3.3758 -0.6135 3.5218 -0.7452 3.6300 -0.3606 3.6698 -0.4229 3.3866 -0.6609 3.5433 -0.8034 3.8063 -1.0233 3.4596 -0.7525 4.3924 -1.2874 4.2732 -1.3455 3.4585 0.0573 3.7465 -0.4104 4.0443 -0.7842 4.8300 -1.4558 4.5340 -1.5747 3.1356 -0.5219 5.0469 -1.5882 5.2604 -1.8319 5.0832 -1.5908 
dot 15 5.2850 -1.7464 4.2258 -1.4429 4.9691 -1.4820 3.2833 -0.7101 5.4253 -1.7979 5.2191 -1.6391 5.3399 -1.7065 5.5593 -1.8578 3.5604 -0.9939 4.3259 -1.5376 5.5677 -1.8069 3.2748 -0.7314 3.9403 -1.3133 5.4037 -1.6664 3.3721 0.5479 5.1421 -1.4638 6.4980 -2.1076 4.3513 -0.8615 4.6284 -1.0954 6.7680 -2.3216 
dot 15 2.6379 3.8293 7.8890 3.6017 4.5460 -1.7861 4.2883 -1.6486 4.1491 -0.5656 1.6442 8.5143 5.2820 -1.4252 3.9929 1.8600 6.4241 -1.8491 5.5734 -1.5286 
clear
gstate $g
if {[check_session]} return
translate 0 90
scale 0.03
text 15 0 0 {META RECORDED DIRECTIONAL }
text 15 0 -100 TARGET=1E-06
text 15 0 -200 BEST=0.1361
text 15 0 -300 GENERATION=13
text 15 0 -500 PARENTS=-9266128936674546510708803659540666989570440318463045266854634092789923316019634195319186364987354661410697604753167801167177259691798259274535313963828899395054512892298208739898816592182784001477532694415068917387837429455519744.00
gstate $h
dot 15 4.8718 2.8422 4.7059 2.9857 5.4486 3.3436 4.5626 2.7232 5.4465 3.6920 5.3037 3.8670 5.6773 3.1146 5.0732 3.9859 4.7045 3.6234 6.9685 3.0799 6.8862 3.1624 7.1057 3.4247 6.1128 3.2207 3.0729 2.7841 2.7098 2.0386 2.5942 1.6000 2.5358 1.5848 2.7230 1.7933 2.4565 1.7065 2.7188 1.6642 
dot 15 2.3894 2.3890 2.3959 1.8110 2.3992 1.7305 2.6822 1.0738 2.3467 2.3195 2.8726 0.6066 2.9539 0.4742 2.7002 0.5569 2.3919 1.2813 6.2252 3.5185 2.6656 0.5820 3.1208 0.1695 3.1642 0.1014 3.0611 -0.0379 3.2338 -0.0691 3.1894 0.1279 2.9971 0.0154 3.0825 0.4931 3.2139 0.0765 2.3242 1.3788 
dot 15 6.5630 3.4460 6.3113 3.4986 3.7536 2.6175 3.2528 0.0820 3.3742 -0.3420 3.3990 -0.3797 3.4192 -0.3832 3.3808 -0.1963 3.4246 -0.4240 3.2768 -0.3520 3.4395 -0.3450 3.4380 -0.3282 3.4706 -0.3624 3.4917 -0.4414 3.1762 -0.2852 3.0905 0.6485 6.2970 3.5670 3.5343 -0.4703 3.2352 0.2302 3.0584 -0.1768 
dot 15 3.5417 -0.5479 3.5822 -0.5780 3.4932 -0.5898 3.0653 0.8132 3.5334 -0.6169 3.3900 -0.0633 3.3172 -0.4780 3.1108 0.6763 3.0525 -0.2114 3.5569 -0.6787 
clear
gstate $g
if {[check_session]} return
translate 0 90
scale 0.03
text 15 0 0 {META RECORDED DIRECTIONAL }
text 15 0 -100 TARGET=1E-06
text 15 0 -200 BEST=0.104
text 15 0 -300 GENERATION=14
text 15 0 -500 PARENTS=-9266128936674546510708803659540666989570440318463045266854634092789923316019634195319186364987354661410697604753167801167177259691798259274535313963828899395054512892298208739898816592182784001477532694415068917387837429455519744.00
gstate $h
dot 15 5.3018 2.9510 5.0547 2.7979 4.8718 2.8422 5.0086 3.4125 5.2559 2.8139 4.7059 2.9857 4.9673 2.7601 5.4486 3.3436 4.5626 2.7232 5.4349 3.6425 5.4465 3.6920 5.1371 2.6166 5.3037 3.8670 5.1051 3.7835 4.9751 2.4164 5.6773 3.1146 5.0732 3.9859 4.7045 3.6234 5.6725 2.9762 4.8274 3.9768 
dot 15 4.3056 2.6376 4.2951 3.2629 4.5544 3.6502 5.7581 3.0370 5.7416 2.9495 5.7564 2.9901 4.2337 3.2048 4.3328 2.4139 4.1993 4.2278 5.8439 3.1934 4.3500 3.8039 5.8366 3.5534 3.8710 3.7581 5.9006 3.0207 4.0501 4.3741 5.8983 3.5531 6.6525 2.6919 4.4882 2.0353 6.3380 2.6266 6.4597 2.6743 
dot 15 3.0482 3.6372 4.0018 3.2773 3.5530 4.1987 6.6601 2.8315 6.4891 2.7467 2.8718 3.1088 6.9685 3.0799 7.2100 3.1199 6.6729 2.9142 6.6648 2.9092 4.0118 4.4677 3.2672 4.0119 2.6953 2.7740 7.1591 2.7540 3.3117 4.0729 6.5886 2.9013 6.7766 3.0509 3.8976 3.2592 6.8862 3.1624 7.1057 3.4247 
dot 15 3.9426 2.8958 6.7935 3.1199 3.8267 3.2224 2.7425 2.3501 3.4802 3.2215 6.1128 3.2207 2.5467 2.0623 3.1814 4.0371 2.6618 1.9710 3.0729 2.7841 
clear
gstate $g
if {[check_session]} return
translate 0 90
scale 0.03
text 15 0 0 {META RECORDED DIRECTIONAL }
text 15 0 -100 TARGET=1E-06
text 15 0 -200 BEST=0.04164
text 15 0 -300 GENERATION=15
text 15 0 -500 PARENTS=-9266128936674546510708803659540666989570440318463045266854634092789923316019634195319186364987354661410697604753167801167177259691798259274535313963828899395054512892298208739898816592182784001477532694415068917387837429455519744.00
gstate $h
dot 15 5.0248 2.8950 4.9627 3.3184 4.9069 3.2407 5.1174 3.2819 5.1767 2.9269 5.2223 2.8977 5.2446 2.9902 5.3018 2.9510 4.7283 3.1677 5.0547 2.7979 5.0759 2.7937 4.7108 3.1127 5.2568 2.8521 5.3685 3.0024 4.8718 2.8422 5.0086 3.4125 5.3063 2.8640 5.3544 2.9035 5.2559 2.8139 5.4057 2.9691 
dot 15 4.7059 2.9857 4.5525 3.1621 4.9673 2.7601 5.2850 2.7951 4.5144 3.1440 5.4461 3.3251 4.7780 3.4480 5.4486 3.3436 4.7523 3.4497 4.7615 3.4557 5.5602 3.2047 4.5626 2.7232 5.5091 3.4468 5.2235 2.7139 5.3761 3.5281 5.4403 3.5637 4.4913 3.2679 4.6729 3.4594 5.1025 2.6613 5.3307 3.6138 
dot 15 5.3797 3.6370 5.4349 3.6425 4.4217 2.7333 5.3132 3.6966 4.5035 3.3334 5.2216 2.6667 4.4405 2.6643 5.4465 3.6920 4.3906 3.1254 5.5502 3.5779 4.4498 2.6120 4.5042 2.5282 5.1371 2.6166 5.2517 3.8657 5.6045 2.9860 5.3037 3.8670 4.3532 2.7701 5.1051 3.7835 4.7275 2.2550 4.9914 2.4590 
dot 15 4.9751 2.4164 5.5910 3.6446 5.6909 3.2737 5.6773 3.1146 5.0732 3.9859 4.9911 2.2910 5.1388 2.5266 5.3994 3.9021 4.9414 3.9285 5.1094 2.4632 
clear
gstate $g
if {[check_session]} return
translate 0 90
scale 0.03
text 15 0 0 {META RECORDED DIRECTIONAL }
text 15 0 -100 TARGET=1E-06
text 15 0 -200 BEST=0.02789
text 15 0 -300 GENERATION=16
text 15 0 -500 PARENTS=-9266128936674546510708803659540666989570440318463045266854634092789923316019634195319186364987354661410697604753167801167177259691798259274535313963828899395054512892298208739898816592182784001477532694415068917387837429455519744.00
gstate $h
dot 15 5.0350 3.2601 4.9491 3.2666 5.0248 2.8950 4.9627 3.3184 4.9069 3.2407 4.8936 3.2379 5.1613 3.0573 5.1198 2.8877 4.8750 3.3063 4.8592 3.2600 5.1174 3.2819 5.1417 2.8929 5.1530 2.9801 5.1767 2.9269 5.1171 2.8561 4.8203 3.2848 4.8253 3.2136 5.1704 2.8816 5.1269 2.8486 5.2060 2.9216 
dot 15 5.1592 2.8612 5.2223 2.8977 5.0530 2.8200 5.2446 2.9902 5.2324 2.8826 5.2518 2.8809 4.7101 3.2001 5.3018 2.9510 4.7283 3.1677 5.1806 2.8233 5.0993 2.8015 5.0547 2.7979 5.3306 2.9669 4.6627 3.1961 5.0759 2.7937 5.3435 2.9700 4.7108 3.1127 5.2568 2.8521 4.6445 3.1817 5.1412 2.7972 
dot 15 5.2685 2.8569 4.6393 3.2004 5.2662 2.8540 5.3685 3.0024 5.1850 3.3039 4.8718 2.8422 5.0034 2.7850 5.0086 3.4125 5.3199 2.8824 5.3668 2.9444 4.9737 2.7896 5.3063 2.8640 5.3544 2.9035 5.2559 2.8139 5.4057 2.9691 5.3452 2.8752 5.2089 2.7838 5.4270 2.9669 5.4173 2.9394 5.2391 3.3301 
dot 15 5.2999 3.2892 5.0978 3.4319 5.4578 3.3311 5.4209 3.3500 5.4299 2.8930 5.1662 3.4326 5.0068 3.4917 4.4774 3.1567 5.1228 2.7074 5.3113 3.4109 
clear
gstate $g
if {[check_session]} return
translate 0 90
scale 0.03
text 15 0 0 {META RECORDED DIRECTIONAL }
text 15 0 -100 TARGET=1E-06
text 15 0 -200 BEST=0.007522
text 15 0 -300 GENERATION=17
text 15 0 -500 PARENTS=-9266128936674546510708803659540666989570440318463045266854634092789923316019634195319186364987354661410697604753167801167177259691798259274535313963828899395054512892298208739898816592182784001477532694415068917387837429455519744.00
gstate $h
dot 15 4.9360 3.0811 5.0934 3.1322 5.1044 3.1431 5.0884 3.1752 4.9981 3.0085 4.9543 2.9743 5.0712 3.2339 4.9888 2.9866 4.9372 2.9630 5.0057 3.2139 5.0525 3.2394 4.9766 3.2137 5.0350 3.2601 4.9713 3.2308 4.9812 3.2538 4.9888 3.2929 5.0448 2.9386 5.0915 3.2684 4.9375 2.9110 4.9491 3.2666 
dot 15 5.0632 3.2905 5.0248 2.8950 5.0488 2.9092 4.9378 3.2611 4.9013 3.2171 4.9782 3.3140 4.9229 3.2568 4.9286 3.2812 5.0760 2.9141 4.9351 3.3042 4.9627 3.3184 5.0857 3.2868 4.9069 3.2407 4.9515 2.8871 5.1480 3.0357 4.8936 3.2379 4.9716 3.3284 4.8556 2.9702 5.1613 3.0573 4.8880 3.2739 
dot 15 5.1204 2.9338 4.9495 2.8787 4.8781 3.3003 5.1784 3.1329 5.1198 2.8877 4.8750 3.3063 4.8592 3.2600 4.9818 3.3443 4.8636 3.3031 4.9744 3.3455 5.1174 3.2819 5.1210 2.8738 5.1417 2.8929 5.0537 2.8526 5.1530 2.9801 4.8437 3.2827 4.8401 3.2111 5.1598 2.9531 5.1570 2.8879 5.1799 3.0417 
dot 15 5.1767 2.9269 5.1171 2.8561 4.9807 3.3561 4.8203 3.2848 5.0014 3.3537 4.8253 3.2136 5.1704 2.8816 4.9566 2.8549 5.1187 3.2977 4.8013 3.0822 
clear
gstate $g
if {[check_session]} return
translate 0 90
scale 0.03
text 15 0 0 {META RECORDED DIRECTIONAL }
text 15 0 -100 TARGET=1E-06
text 15 0 -200 BEST=0.0006087
text 15 0 -300 GENERATION=18
text 15 0 -500 PARENTS=-9266128936674546510708803659540666989570440318463045266854634092789923316019634195319186364987354661410697604753167801167177259691798259274535313963828899395054512892298208739898816592182784001477532694415068917387837429455519744.00
gstate $h
dot 15 5.0077 3.0830 5.0126 3.0789 5.0022 3.0691 5.0707 3.0668 5.0722 3.0695 5.0658 3.0517 4.9360 3.0811 5.0909 3.1304 5.0934 3.1322 4.9246 3.0534 4.9107 3.1374 5.0668 3.1523 4.9090 3.0522 5.1044 3.1431 5.0520 3.1734 5.0884 3.1752 5.0409 3.1797 5.0881 3.1809 5.1102 3.1608 4.9175 3.0114 
dot 15 4.9981 3.0085 5.0686 3.1923 4.9212 3.1671 5.0740 3.2116 5.0517 3.0118 5.1256 3.1050 5.0740 3.2148 5.0755 3.2175 5.0704 3.2190 4.9801 3.2007 5.0643 3.2231 4.9543 2.9743 5.1313 3.1080 5.0712 3.2339 4.9888 2.9866 5.0047 3.2117 4.9372 2.9630 5.0755 3.2347 5.0057 3.2139 4.9753 2.9770 
dot 15 5.0465 3.2374 5.0525 3.2394 5.0385 3.2406 5.0340 3.2391 5.0442 3.2448 4.9780 2.9698 5.0582 3.2497 4.9766 3.2137 4.9948 2.9719 5.0168 3.2389 5.0286 3.2497 5.0169 2.9782 5.0350 3.2601 5.0108 3.2435 5.0501 3.2605 5.0102 3.2457 5.0001 3.2353 5.0696 3.2572 4.9809 3.2264 5.1438 3.1268 
dot 15 4.9886 3.2350 4.9859 3.2352 4.9940 3.2451 5.1425 3.0979 4.9713 3.2308 5.0790 3.2611 5.0234 2.9608 4.8936 3.1770 4.9812 3.2538 4.9880 3.2703 
clear
gstate $g
if {[check_session]} return
translate 0 90
scale 0.03
text 15 0 0 {META RECORDED DIRECTIONAL }
text 15 0 -100 TARGET=1E-06
text 15 0 -200 BEST=0.0006087
text 15 0 -300 GENERATION=19
text 15 0 -500 PARENTS=-9266128936674546510708803659540666989570440318463045266854634092789923316019634195319186364987354661410697604753167801167177259691798259274535313963828899395054512892298208739898816592182784001477532694415068917387837429455519744.00
gstate $h
dot 15 5.0077 3.0830 5.0217 3.0910 4.9739 3.0937 5.0126 3.0789 5.0022 3.0691 4.9675 3.1068 5.0241 3.1379 4.9835 3.1631 4.9382 3.1414 5.0554 3.1049 5.0707 3.0668 5.0722 3.0695 5.0523 3.1235 5.0561 3.1187 5.0662 3.1079 5.0658 3.0517 4.9696 3.0449 4.9360 3.0811 5.0715 3.1249 5.0812 3.1240 
dot 15 5.0773 3.1361 5.0909 3.1304 5.0988 3.1208 5.0934 3.1322 5.0744 3.1421 5.1036 3.1130 4.9246 3.0534 4.9107 3.1374 5.0837 3.1480 5.0668 3.1523 4.9090 3.0522 5.0349 3.1687 5.0677 3.1560 4.8959 3.0632 5.0850 3.1566 5.0880 3.1597 5.1044 3.1431 5.0911 3.1597 5.1098 3.1268 4.9989 3.1827 
dot 15 5.0510 3.1696 5.0967 3.1669 5.0520 3.1734 5.0884 3.1752 5.0409 3.1797 5.0881 3.1809 5.0931 3.1785 5.0320 3.1835 5.1102 3.1608 4.9175 3.0114 5.0553 3.1854 4.9111 3.0121 4.9201 3.0089 5.0320 3.1894 5.0799 3.1955 5.0714 3.1990 5.0095 3.1933 5.0529 3.1938 5.0339 3.0097 4.8925 3.0207 
dot 15 4.8775 3.0605 5.1154 3.1662 5.0396 3.1953 5.0182 3.1969 5.0934 3.2005 5.0979 3.2014 5.0488 3.2077 5.1222 3.1606 4.8730 3.0474 4.9105 3.1672 
clear
gstate $g
if {[check_session]} return
translate 0 90
scale 0.03
text 15 0 0 {META RECORDED DIRECTIONAL }
text 15 0 -100 TARGET=1E-06
text 15 0 -200 BEST=0.0002926
text 15 0 -300 GENERATION=20
text 15 0 -500 PARENTS=-9266128936674546510708803659540666989570440318463045266854634092789923316019634195319186364987354661410697604753167801167177259691798259274535313963828899395054512892298208739898816592182784001477532694415068917387837429455519744.00
gstate $h
dot 15 5.0148 3.0920 4.9873 3.0970 5.0077 3.0830 5.0217 3.0910 4.9739 3.0937 5.0200 3.0873 5.0126 3.0789 5.0107 3.1334 4.9876 3.0653 5.0022 3.0691 4.9694 3.1015 4.9795 3.0659 4.9675 3.1068 5.0322 3.0897 4.9696 3.1194 4.9685 3.1185 5.0241 3.1379 5.0393 3.0998 4.9634 3.1390 4.9600 3.1037 
dot 15 4.9599 3.0896 5.0421 3.0967 5.0411 3.0856 5.0268 3.0460 5.0100 3.0431 4.9890 3.0453 5.0597 3.0758 4.9642 3.1577 4.9835 3.1631 4.9382 3.1414 5.0554 3.1049 5.0444 3.0433 5.0323 3.1462 5.0533 3.1149 5.0707 3.0668 5.0722 3.0695 5.0523 3.1235 5.0561 3.1187 5.0662 3.1079 5.0716 3.0613 
dot 15 4.9229 3.1312 4.9205 3.1276 4.9186 3.1002 5.0496 3.1338 4.9410 3.0787 5.0658 3.0517 4.9696 3.0449 4.9360 3.0811 5.0634 3.1202 5.0652 3.0489 5.0630 3.1234 4.9858 3.1710 5.0715 3.1249 5.0323 3.1587 4.9741 3.0373 5.0812 3.1240 4.9362 3.0649 5.0963 3.1110 5.0662 3.1356 5.0391 3.1590 
dot 15 5.0773 3.1399 5.0198 3.0237 5.0986 3.1328 5.1031 3.0894 5.0926 3.1462 5.1060 3.0991 4.9179 3.0438 4.9212 3.0414 4.9206 3.1565 5.1103 3.1346 
clear
gstate $g
if {[check_session]} return
translate 0 90
scale 0.03
text 15 0 0 {META RECORDED DIRECTIONAL }
text 15 0 -100 TARGET=1E-06
text 15 0 -200 BEST=1.321E-05
text 15 0 -300 GENERATION=21
text 15 0 -500 PARENTS=-9266128936674546510708803659540666989570440318463045266854634092789923316019634195319186364987354661410697604753167801167177259691798259274535313963828899395054512892298208739898816592182784001477532694415068917387837429455519744.00
gstate $h
dot 15 5.0032 3.1003 5.0049 3.0983 5.0048 3.0973 4.9919 3.1041 5.0148 3.0920 4.9873 3.0970 4.9825 3.1017 5.0166 3.0915 4.9851 3.0908 4.9858 3.1127 5.0228 3.1085 5.0077 3.0830 5.0251 3.1114 4.9740 3.0952 5.0217 3.0910 4.9743 3.0905 4.9739 3.0937 5.0200 3.0873 4.9812 3.1151 4.9717 3.0876 
dot 15 5.0126 3.0789 5.0107 3.1334 4.9704 3.0929 4.9703 3.0996 4.9876 3.0653 5.0022 3.0691 4.9688 3.0907 4.9694 3.1015 4.9688 3.0990 4.9795 3.0659 4.9858 3.1339 4.9665 3.1017 4.9675 3.1068 4.9681 3.1085 5.0151 3.0564 5.0322 3.0897 4.9653 3.1021 5.0135 3.0530 4.9758 3.0637 4.9681 3.1158 
dot 15 4.9696 3.1194 4.9685 3.1185 5.0241 3.1379 5.0360 3.0906 5.0336 3.0649 4.9653 3.1219 5.0343 3.0713 5.0393 3.0998 4.9634 3.1390 4.9597 3.0997 4.9600 3.1037 4.9627 3.1197 5.0401 3.0782 5.0271 3.0464 4.9512 3.1296 5.0385 3.1268 4.9552 3.0932 5.0536 3.0709 5.0449 3.1152 5.0483 3.0973 
dot 15 5.0563 3.0759 4.9463 3.1157 4.9500 3.1043 5.0224 3.1495 4.9653 3.1566 5.0563 3.0885 5.0569 3.0881 5.0583 3.0594 4.9470 3.1031 5.0570 3.0566 
clear
gstate $g
if {[check_session]} return
translate 0 90
scale 0.03
text 15 0 0 {META RECORDED DIRECTIONAL }
text 15 0 -100 TARGET=1E-06
text 15 0 -200 BEST=7.092E-06
text 15 0 -300 GENERATION=22
text 15 0 -500 PARENTS=-9266128936674546510708803659540666989570440318463045266854634092789923316019634195319186364987354661410697604753167801167177259691798259274535313963828899395054512892298208739898816592182784001477532694415068917387837429455519744.00
gstate $h
dot 15 4.9981 3.1018 5.0032 3.1003 5.0032 3.1011 5.0049 3.0983 4.9960 3.1029 5.0012 3.1063 5.0048 3.0973 4.9942 3.1013 4.9960 3.0918 4.9933 3.1047 4.9919 3.1041 5.0094 3.0942 4.9888 3.1034 5.0135 3.0918 5.0148 3.0920 5.0167 3.0980 4.9873 3.0970 4.9825 3.1017 5.0141 3.1052 5.0166 3.0915 
dot 15 5.0139 3.1090 4.9851 3.0908 5.0078 3.1134 5.0188 3.1089 4.9858 3.1127 4.9835 3.1113 5.0002 3.0831 4.9817 3.1096 4.9795 3.0877 4.9817 3.0858 5.0228 3.1085 4.9783 3.0885 4.9830 3.1117 5.0077 3.0830 4.9778 3.0889 4.9811 3.0851 5.0137 3.1159 4.9757 3.0950 4.9769 3.0870 5.0136 3.0843 
dot 15 4.9772 3.0849 4.9768 3.0845 4.9914 3.0800 5.0251 3.1114 4.9740 3.0950 4.9740 3.0952 5.0217 3.0910 4.9767 3.0838 4.9743 3.0905 4.9874 3.0777 4.9739 3.0937 4.9809 3.0782 4.9894 3.0776 5.0265 3.1043 4.9739 3.0900 4.9737 3.0896 4.9812 3.0765 4.9979 3.1214 5.0200 3.0873 4.9806 3.1134 
dot 15 5.0003 3.1221 5.0274 3.1088 5.0069 3.1253 4.9812 3.1151 4.9724 3.0854 4.9717 3.0876 4.9845 3.0696 5.0289 3.1003 5.0243 3.0876 5.0275 3.1203 
gstate $g
if {[check_session]} return
