notice "Spiral with no tunneling"
set g [gstate]
scale 2.500 2.500
translate 20.000 20.000
set h [gstate]
clear
gstate $g
if {[check_session]} return
translate 0 90
scale 0.03
text 15 0 0 {META RECORDED DIRECTIONAL }
text 15 0 -100 TARGET=1E-06
text 15 0 -200 BEST=1
text 15 0 -300 GENERATION=0
text 15 0 -500 PARENTS=-9266128936674546510708803659540666989570440318463045266854634092789923316019634195319186364987354661410697604753167801167177259691798259274535313963828899395054512892298208739898816592182784001477532694415068917387837429455519744.00
gstate $h
dot 15 18.7617 15.6278 18.6635 15.6956 18.5137 15.5460 18.7796 15.5622 18.7710 15.5290 18.7194 15.6658 18.6893 15.5306 18.5384 15.5187 18.6774 15.6981 18.6333 15.5523 18.6742 15.6936 18.5022 15.5431 18.7264 15.5318 18.6248 15.5144 18.6615 15.6190 18.6925 15.5740 18.7876 15.6601 18.6176 15.5675 18.7755 15.6000 18.5102 15.6927 
dot 15 18.6570 15.5281 18.7965 15.5787 18.7622 15.6288 18.6147 15.5355 18.5388 15.6457 18.5821 15.6699 18.6271 15.6750 18.5415 15.6988 18.5362 15.6528 18.5913 15.6470 18.7622 15.6632 18.7145 15.5614 18.6775 15.5927 18.6001 15.5250 18.5929 15.6755 18.7530 15.6341 18.7489 15.5994 18.6218 15.6578 18.5148 15.5025 18.5929 15.5616 
dot 15 18.5536 15.6791 18.7906 15.6468 18.7952 15.6122 18.7545 15.6339 18.6844 15.5427 18.5312 15.5455 18.7978 15.5199 18.7783 15.5169 18.6916 15.6030 18.7899 15.6537 18.6761 15.6571 18.6132 15.6444 18.6709 15.6225 18.6068 15.5864 18.6390 15.6961 18.6960 15.6731 18.6320 15.6943 18.7457 15.5491 18.5150 15.6597 18.5626 15.6561 
dot 15 18.5362 15.5004 18.7672 15.6976 18.7859 15.6548 18.6268 15.5950 18.5263 15.6246 18.7121 15.6914 18.5682 15.6527 18.7889 15.5833 18.7480 15.6498 18.6114 15.6525 
clear
gstate $g
if {[check_session]} return
translate 0 90
scale 0.03
text 15 0 0 {META RECORDED DIRECTIONAL }
text 15 0 -100 TARGET=1E-06
text 15 0 -200 BEST=1
text 15 0 -300 GENERATION=1
text 15 0 -500 PARENTS=-9266128936674546510708803659540666989570440318463045266854634092789923316019634195319186364987354661410697604753167801167177259691798259274535313963828899395054512892298208739898816592182784001477532694415068917387837429455519744.00
gstate $h
dot 15 18.7829 15.5931 18.6987 15.6725 18.5283 15.5724 18.7662 15.5724 18.7229 15.5256 18.7544 15.6844 18.7498 15.5142 18.5500 15.4389 18.6723 15.7147 18.6594 15.4775 18.6105 15.7164 18.5031 15.5029 18.7361 15.6146 18.6136 15.4780 18.6791 15.6461 18.6925 15.5966 18.8889 15.6056 18.6926 15.5013 18.7822 15.6034 18.4688 15.6457 
dot 15 18.7489 15.6603 18.5948 15.7730 18.4951 15.5501 18.7605 15.6092 18.7430 15.4775 18.6545 15.7161 18.6490 15.5680 18.4941 15.4539 18.6366 15.6540 18.5727 15.5098 18.6729 15.7966 18.5727 15.5752 18.7233 15.5746 18.6575 15.5144 18.6614 15.5696 18.7044 15.5676 18.7773 15.6475 18.6026 15.5825 18.7933 15.5746 18.4410 15.6799 
dot 15 18.7850 15.5685 18.5996 15.7202 18.5664 15.4629 18.7687 15.6221 18.7320 15.5501 18.7113 15.6322 18.6976 15.5134 18.5562 15.5067 18.6648 15.6821 18.6900 15.5961 18.6983 15.7040 18.4931 15.5011 18.7549 15.5852 18.6505 15.5487 18.6379 15.6244 18.7132 15.5656 18.7598 15.6759 18.6038 15.5752 18.7710 15.5704 18.5065 15.6916 
dot 15 18.7214 15.6618 18.6654 15.6826 18.5026 15.5955 18.7722 15.5831 18.7388 15.5758 18.6851 15.6347 18.6574 15.5573 18.5460 15.4576 18.6682 15.7593 18.6011 15.5591 
clear
gstate $g
if {[check_session]} return
translate 0 90
scale 0.03
text 15 0 0 {META RECORDED DIRECTIONAL }
text 15 0 -100 TARGET=1E-06
text 15 0 -200 BEST=1
text 15 0 -300 GENERATION=2
text 15 0 -500 PARENTS=-9266128936674546510708803659540666989570440318463045266854634092789923316019634195319186364987354661410697604753167801167177259691798259274535313963828899395054512892298208739898816592182784001477532694415068917387837429455519744.00
gstate $h
dot 15 18.8024 15.5649 18.6837 15.6774 18.5160 15.5893 18.7362 15.5832 18.6824 15.5400 18.7051 15.5675 18.8855 15.5473 18.5834 15.5218 18.6550 15.8174 18.8563 15.5031 18.5464 15.7397 18.6855 15.4535 18.6999 15.5615 18.5879 15.4157 18.7361 15.7336 18.6764 15.5826 18.9340 15.6642 18.7432 15.4654 18.7904 15.6271 18.3482 15.4968 
dot 15 18.8351 15.5155 18.8225 15.5771 18.4991 15.5260 18.7625 15.5800 18.8014 15.5199 18.7843 15.3726 18.9464 15.5511 18.5930 15.4575 18.6691 15.8035 18.4516 15.3366 18.5218 15.7472 18.5438 15.3258 18.7412 15.6547 18.5937 15.3499 18.6950 15.6827 18.6991 15.5811 18.9179 15.5470 18.7397 15.4840 18.8039 15.6189 18.4258 15.6096 
dot 15 18.7827 15.5892 18.6634 15.6739 18.5183 15.6191 18.7338 15.6196 18.6767 15.5036 18.7250 15.7091 18.8311 15.5408 18.5514 15.2825 18.6176 15.8030 18.7202 15.3456 18.5571 15.7349 18.6241 15.3456 18.7236 15.6614 18.6259 15.4565 18.6974 15.6720 18.7065 15.6183 18.7419 15.5057 18.7295 15.4480 18.7603 15.6252 18.4413 15.6133 
dot 15 18.7803 15.5927 18.7437 15.6395 18.5727 15.6630 18.7637 15.6049 18.6962 15.5206 18.5962 15.6356 18.9449 15.4897 18.5518 15.3308 18.6524 15.7281 18.7958 15.3974 
clear
gstate $g
if {[check_session]} return
translate 0 90
scale 0.03
text 15 0 0 {META RECORDED DIRECTIONAL }
text 15 0 -100 TARGET=1E-06
text 15 0 -200 BEST=1
text 15 0 -300 GENERATION=3
text 15 0 -500 PARENTS=-9266128936674546510708803659540666989570440318463045266854634092789923316019634195319186364987354661410697604753167801167177259691798259274535313963828899395054512892298208739898816592182784001477532694415068917387837429455519744.00
gstate $h
dot 15 17.9331 15.0421 18.1279 15.2179 18.1404 15.2440 18.1548 15.2787 18.5316 15.5693 18.7245 15.5948 18.6682 15.5613 18.7085 15.4359 18.7909 15.5511 18.6164 15.5737 18.6631 16.0813 19.0276 15.6397 18.4390 15.7786 18.6392 15.4794 18.5608 15.3529 18.4177 15.8673 19.0194 15.7912 18.7268 15.4508 18.8111 15.6676 18.2506 15.4205 
dot 15 18.8118 15.8332 18.7448 15.6691 18.5179 15.5865 18.7298 15.6036 18.6393 15.5619 18.7685 15.7526 18.6682 15.5799 18.6843 15.6764 18.6271 16.2284 18.7864 15.5877 18.4612 15.7700 19.0027 15.1554 18.5372 15.4367 18.5736 15.3790 18.7541 15.7707 18.6872 15.5934 19.0345 15.6841 18.8405 15.3882 18.7981 15.6661 18.6401 15.4818 
dot 15 18.7953 15.5719 18.5943 15.6937 18.4919 15.6211 18.6986 15.6000 18.6756 15.5560 18.6599 15.4542 18.8497 15.4194 18.6593 15.6252 18.7275 15.9492 18.6525 15.5202 18.7974 15.4677 18.9422 15.5506 18.6024 15.4229 18.5905 15.4166 18.7161 15.7261 18.6908 15.5922 18.9750 15.6694 18.7371 15.4653 18.7988 15.6456 18.5510 15.7376 
dot 15 18.8125 15.5439 18.7293 15.5134 18.5173 15.5893 18.6701 15.6140 18.6623 15.5480 18.7155 15.4811 18.8098 15.5186 18.6113 15.6297 18.7360 16.0705 19.1212 15.6176 
clear
gstate $g
if {[check_session]} return
translate 0 90
scale 0.03
text 15 0 0 {META RECORDED DIRECTIONAL }
text 15 0 -100 TARGET=1E-06
text 15 0 -200 BEST=1
text 15 0 -300 GENERATION=4
text 15 0 -500 PARENTS=-9266128936674546510708803659540666989570440318463045266854634092789923316019634195319186364987354661410697604753167801167177259691798259274535313963828899395054512892298208739898816592182784001477532694415068917387837429455519744.00
gstate $h
dot 15 17.1067 13.9640 17.3603 14.2174 17.3595 14.5116 17.4609 14.5480 17.2937 15.1213 17.4982 14.5644 17.5309 14.8027 17.6245 14.5753 17.7059 14.7158 17.6236 14.9733 17.6802 14.8871 17.7322 14.8142 17.7347 14.8326 17.7954 14.6551 17.7481 14.7977 17.6499 15.2419 17.8465 14.8158 17.7331 15.1736 17.8176 14.9555 17.8759 14.9482 
dot 15 17.9243 14.8424 17.8349 15.1558 17.8952 15.0144 17.9331 15.0421 18.0102 14.8477 17.9500 15.0290 18.0145 14.9499 18.0032 15.1074 18.0013 15.1136 18.0212 15.1920 18.0179 15.2274 18.0170 15.2308 18.0139 15.2470 18.0748 15.2005 18.0646 15.2668 17.9978 15.4956 18.1279 15.2179 18.1049 15.3054 18.1108 15.3039 18.1404 15.2440 
dot 15 18.1235 15.2797 18.1210 15.3125 18.1548 15.2787 18.1618 15.3257 18.8147 15.6859 18.6969 15.4381 18.4309 15.6437 18.5624 15.5245 18.7164 15.6073 18.6737 15.5099 18.8211 16.1134 19.1212 15.7899 18.7103 15.2868 18.5678 15.3551 18.5172 15.2243 18.6539 15.5645 19.1535 16.0053 18.6662 15.6531 18.8600 15.7751 18.2966 15.8303 
dot 15 18.6995 15.6151 18.0975 16.4872 18.5390 15.3376 18.5705 15.3576 17.8990 16.6342 18.6886 15.6279 18.6844 15.5882 18.7140 15.3965 18.7536 15.5351 18.6477 15.6148 
clear
gstate $g
if {[check_session]} return
translate 0 90
scale 0.03
text 15 0 0 {META RECORDED DIRECTIONAL }
text 15 0 -100 TARGET=1E-06
text 15 0 -200 BEST=0.9955
text 15 0 -300 GENERATION=5
text 15 0 -500 PARENTS=-9266128936674546510708803659540666989570440318463045266854634092789923316019634195319186364987354661410697604753167801167177259691798259274535313963828899395054512892298208739898816592182784001477532694415068917387837429455519744.00
gstate $h
dot 15 16.4972 12.5464 16.3178 13.0861 16.2386 13.2052 16.2163 13.8264 16.1713 13.2914 15.8089 15.0058 16.2838 12.5793 16.5267 13.1133 16.6518 12.7975 15.8524 14.0218 16.0537 13.2306 15.7323 14.2200 16.3705 14.0068 15.9182 13.3991 16.6106 13.5444 16.6245 13.5059 16.1105 12.3186 16.0890 12.3249 16.6899 13.5126 16.5284 14.1052 
dot 15 16.4158 14.4809 16.8951 12.9355 16.7099 13.6568 16.2249 15.0575 16.2690 15.0727 15.9111 12.3529 16.7190 13.8846 16.5732 14.3386 16.6826 14.0326 16.8392 13.5882 16.8305 13.6299 16.7767 13.8113 16.6113 14.3660 16.9608 13.2293 16.7881 13.8321 15.1341 14.7854 15.7267 12.8945 15.9235 11.9534 16.8468 13.7384 16.4254 14.9789 
dot 15 15.6011 13.0704 16.8082 14.0293 15.7063 12.5921 16.8667 13.9095 16.9409 13.6748 16.9254 13.8576 16.6230 14.7658 16.8557 14.0961 16.6751 14.6464 16.5639 14.9747 16.9717 13.8068 17.0910 13.4680 15.2081 13.9502 16.9308 14.0372 16.9461 14.0393 16.8724 14.2704 16.8649 14.3211 16.9152 14.1794 16.9003 14.2609 17.1241 13.5417 
dot 15 14.8733 14.6331 16.6158 15.1634 17.0653 13.8971 17.0172 14.0797 16.8614 14.5573 17.0008 14.1649 17.0546 14.0304 17.1067 13.9640 15.4643 12.3335 17.1726 13.8736 
clear
gstate $g
if {[check_session]} return
translate 0 90
scale 0.03
text 15 0 0 {META RECORDED DIRECTIONAL }
text 15 0 -100 TARGET=1E-06
text 15 0 -200 BEST=0.9944
text 15 0 -300 GENERATION=6
text 15 0 -500 PARENTS=-9266128936674546510708803659540666989570440318463045266854634092789923316019634195319186364987354661410697604753167801167177259691798259274535313963828899395054512892298208739898816592182784001477532694415068917387837429455519744.00
gstate $h
dot 15 16.8706 9.2311 16.7305 11.5112 16.4972 12.5464 16.4184 12.6940 16.4428 12.8184 16.3721 13.1069 16.3178 13.0861 16.2760 13.2134 16.2386 13.2052 16.2163 13.8264 16.5691 12.7864 16.4105 13.3329 16.1713 13.2914 15.7953 14.7921 15.8089 15.0058 16.2838 12.5793 16.5267 13.1133 16.3060 12.3947 15.9557 13.8547 16.3534 13.7427 
dot 15 16.4940 13.3183 16.2530 14.0481 16.6518 12.7975 16.2135 12.6859 16.0341 13.4277 15.8524 14.0218 16.2885 14.0869 16.0537 13.2306 17.1453 10.4217 15.9160 13.6125 15.7323 14.2200 16.3705 14.0068 15.9935 13.2718 15.8470 13.7609 14.5627 16.9449 15.9182 13.3991 15.9592 13.2411 16.0117 13.0310 16.6106 13.5444 16.6245 13.5059 
dot 15 16.6826 13.3100 16.1203 12.2824 16.1105 12.3186 16.8720 12.6790 16.1407 12.1455 15.7897 13.5979 16.0890 12.3249 16.1214 12.1313 16.7448 13.2790 16.2025 14.8985 16.7975 13.1135 15.9764 12.7220 16.6899 13.5126 15.9990 12.5871 16.7283 13.4395 16.5284 14.1052 16.5387 14.3025 15.8614 12.7480 15.7483 13.0849 16.7337 13.8091 
dot 15 15.7835 12.9236 15.6443 13.3266 17.4994 9.9421 16.0190 11.5380 15.8463 11.7592 15.6955 12.4791 14.7545 15.2826 17.1362 13.2470 15.6409 12.4500 15.6126 12.4337 
clear
gstate $g
if {[check_session]} return
translate 0 90
scale 0.03
text 15 0 0 {META RECORDED DIRECTIONAL }
text 15 0 -100 TARGET=1E-06
text 15 0 -200 BEST=0.9944
text 15 0 -300 GENERATION=7
text 15 0 -500 PARENTS=-9266128936674546510708803659540666989570440318463045266854634092789923316019634195319186364987354661410697604753167801167177259691798259274535313963828899395054512892298208739898816592182784001477532694415068917387837429455519744.00
gstate $h
dot 15 16.8706 9.2311 16.7732 10.6833 16.9532 10.2396 16.7118 11.4735 16.8193 11.1385 16.7305 11.5112 16.7163 11.7627 16.9104 10.8889 16.5395 12.3462 16.4972 12.5464 16.4505 12.5160 16.4184 12.6940 16.4428 12.8184 16.3390 13.1084 16.3721 13.1069 16.4099 12.4754 16.3566 13.1340 16.3178 13.0861 16.2760 13.2134 16.3687 13.2268 
dot 15 16.4771 11.9215 16.2386 13.2052 16.2896 12.9349 16.6679 12.3616 17.1066 9.6761 17.1152 9.5733 16.2163 13.8264 16.5691 12.7864 16.4279 13.2776 16.4105 13.3329 16.2866 12.7534 16.1713 13.2914 16.4375 7.1356 16.4435 13.2658 16.4521 13.2467 15.7953 14.7921 16.2609 12.7998 16.5023 13.1703 15.8089 15.0058 15.5513 15.3138 
dot 15 16.2838 12.5793 16.0748 14.4134 16.5267 13.1133 15.9474 14.7222 16.7737 12.2049 16.3060 12.3947 16.8392 11.9529 15.9557 13.8547 16.4809 13.3426 16.3534 13.7427 16.0294 13.5103 16.3385 13.8324 15.6249 14.8213 16.3294 13.8818 16.3468 11.9793 15.9708 13.6573 16.7230 12.6068 16.2657 14.1145 16.2431 12.4832 16.5123 13.4026 
dot 15 15.7366 15.4703 15.8894 13.7643 15.8254 13.9666 15.9893 13.3695 17.2537 9.2529 16.1499 12.6070 16.1658 12.5254 15.9934 13.2620 15.8093 13.8908 15.9694 13.2705 
clear
gstate $g
if {[check_session]} return
translate 0 90
scale 0.03
text 15 0 0 {META RECORDED DIRECTIONAL }
text 15 0 -100 TARGET=1E-06
text 15 0 -200 BEST=0.9944
text 15 0 -300 GENERATION=8
text 15 0 -500 PARENTS=-9266128936674546510708803659540666989570440318463045266854634092789923316019634195319186364987354661410697604753167801167177259691798259274535313963828899395054512892298208739898816592182784001477532694415068917387837429455519744.00
gstate $h
dot 15 16.8706 9.2311 16.8889 10.1531 16.7751 9.8798 16.7882 10.5469 16.8427 10.5541 16.7732 10.6833 16.9322 10.1769 16.7410 10.4460 16.7106 11.0383 16.9532 10.2396 17.0652 8.3250 16.7118 11.4735 16.8193 11.1385 16.7677 11.3605 16.7305 11.5112 16.6854 10.6078 16.6129 11.7885 16.7163 11.7627 16.6185 12.0817 16.9719 10.4433 
dot 15 16.9104 10.8889 16.5395 12.3462 16.5182 12.1684 16.4896 12.3791 17.0756 9.4824 17.0957 9.0444 16.4972 12.5464 16.4820 12.2734 16.4505 12.5160 16.4505 12.6685 16.5393 11.7030 16.4184 12.6940 16.4610 12.3052 17.0077 10.3321 16.7198 11.9329 16.4428 12.8184 16.4840 12.0934 17.1086 8.9597 16.3730 12.8720 16.4805 12.0569 
dot 15 16.5182 12.6868 16.4493 12.2652 16.7130 12.0178 16.8436 11.4369 16.3390 13.1084 16.3721 13.1069 16.4099 12.4754 16.3566 13.1340 16.3178 13.0861 16.5346 11.5364 16.2929 13.2140 16.4893 12.8527 16.3700 12.6605 16.1691 3.6123 16.7554 11.9009 16.2760 13.2134 16.3687 13.2268 16.5635 12.6489 16.5615 12.6684 17.0769 9.8575 
dot 15 16.4221 12.2637 16.5808 12.6130 16.9100 11.1804 16.2229 13.3673 16.3900 13.2328 16.2398 13.2379 16.3243 13.4571 16.4905 11.6981 16.3763 12.4226 16.4042 12.2373 
clear
gstate $g
if {[check_session]} return
translate 0 90
scale 0.03
text 15 0 0 {META RECORDED DIRECTIONAL }
text 15 0 -100 TARGET=1E-06
text 15 0 -200 BEST=0.9919
text 15 0 -300 GENERATION=9
text 15 0 -500 PARENTS=-9266128936674546510708803659540666989570440318463045266854634092789923316019634195319186364987354661410697604753167801167177259691798259274535313963828899395054512892298208739898816592182784001477532694415068917387837429455519744.00
gstate $h
dot 15 15.9326 3.7785 15.9050 3.2885 16.8217 7.4621 16.3676 6.0186 16.8343 8.5491 16.8517 8.6805 16.8542 8.9630 16.7983 8.6580 16.8706 9.2311 16.8760 9.2786 16.9321 9.1336 16.7157 8.0458 16.9295 9.2859 16.8466 9.3726 16.8926 9.4811 16.6527 7.6736 16.9198 9.5616 16.7950 9.1952 16.8112 9.5137 16.8201 9.8300 
dot 15 16.9098 9.9109 16.8889 10.1531 16.7515 8.9885 16.8437 10.4259 16.7751 9.8798 16.7882 10.5469 16.8427 10.5541 16.7732 10.6833 16.7589 10.3628 16.8168 10.7259 16.7578 10.5103 16.9322 10.1769 16.8057 10.7945 16.9837 9.8120 16.7410 10.4460 16.7332 10.6952 16.7453 11.0503 16.7172 10.8957 16.7106 11.0383 16.9532 10.2396 
dot 15 16.6989 11.0274 16.7912 11.1342 17.0652 8.3250 16.7268 11.3592 17.0166 9.7553 16.7201 11.4445 16.7118 11.4735 16.7417 11.4366 16.8193 11.1385 16.7677 11.3605 16.6636 11.1314 16.7305 11.5112 16.7834 11.3280 16.6854 10.6078 16.6284 11.5959 16.6816 10.6124 16.6129 11.7885 16.6085 11.7347 16.6014 11.8451 16.6207 11.9221 
dot 15 16.6081 11.9281 16.6749 10.6004 16.8657 11.0445 16.5791 11.9370 16.5767 11.9022 16.7163 11.7627 16.6544 11.9785 16.6185 12.0817 16.5628 11.8852 16.9719 10.4433 
clear
gstate $g
if {[check_session]} return
translate 0 90
scale 0.03
text 15 0 0 {META RECORDED DIRECTIONAL }
text 15 0 -100 TARGET=1E-06
text 15 0 -200 BEST=0.9884
text 15 0 -300 GENERATION=10
text 15 0 -500 PARENTS=-9266128936674546510708803659540666989570440318463045266854634092789923316019634195319186364987354661410697604753167801167177259691798259274535313963828899395054512892298208739898816592182784001477532694415068917387837429455519744.00
gstate $h
dot 15 13.8099 0.5050 14.9211 2.0958 13.5984 0.0471 15.9326 3.7785 15.9970 3.8177 16.2134 4.4065 16.3976 5.5400 16.5247 5.8535 15.7057 3.9333 16.6847 6.3633 16.7529 6.5648 16.7056 7.0003 16.7009 7.0308 16.7328 7.1305 16.7827 7.2181 16.7924 6.7275 16.8258 7.2986 15.9050 3.2885 16.8217 7.4621 16.8863 7.5548 
dot 15 16.8856 7.9805 16.8958 7.8233 16.0832 5.0640 16.8805 8.2367 16.8722 8.3435 16.8106 8.1973 16.3676 6.0186 16.9164 8.1157 16.9215 7.9830 16.9146 8.3665 13.4208 -0.3534 16.8343 8.5491 16.9383 8.3088 16.8517 8.6805 16.7938 8.3518 16.8871 8.7933 16.6447 7.3850 16.8683 8.8242 16.9483 8.4376 16.9564 8.1626 
dot 15 16.9457 7.4830 16.8542 8.9630 16.7983 8.6580 16.9393 8.9709 16.8706 9.2311 16.7825 8.5862 16.7945 6.1176 16.8760 9.2786 16.9321 9.1336 16.8330 9.1452 16.7157 8.0458 16.8329 9.2014 16.8756 9.4229 16.9295 9.2859 16.8466 9.3726 16.8926 9.4811 16.7706 8.6438 16.8813 9.5306 16.8815 9.5313 16.8437 9.5221 
dot 15 16.9246 6.9563 16.7539 5.8374 16.6527 7.6736 16.9198 9.5616 16.9608 9.2808 16.9739 9.1553 16.7950 9.1952 16.9951 8.8924 17.0087 8.4896 16.8112 9.5137 
clear
gstate $g
if {[check_session]} return
translate 0 90
scale 0.03
text 15 0 0 {META RECORDED DIRECTIONAL }
text 15 0 -100 TARGET=1E-06
text 15 0 -200 BEST=0.9867
text 15 0 -300 GENERATION=11
text 15 0 -500 PARENTS=-9266128936674546510708803659540666989570440318463045266854634092789923316019634195319186364987354661410697604753167801167177259691798259274535313963828899395054512892298208739898816592182784001477532694415068917387837429455519744.00
gstate $h
dot 15 12.1734 -0.6754 13.6038 0.2655 13.8099 0.5050 14.9211 2.0958 14.9788 1.9599 13.5984 0.0471 15.5965 3.3621 15.8405 3.6049 15.5973 3.4613 15.9326 3.7785 15.9970 3.8177 16.2134 4.4065 15.3579 3.2119 16.1490 4.1145 16.3976 5.5400 16.1790 4.9953 16.0165 4.5999 16.5134 5.5869 15.7325 3.9739 16.5247 5.8535 
dot 15 16.5313 5.5834 16.5143 5.4731 15.7057 3.9333 16.6847 6.3633 16.4618 6.0194 16.6843 6.2317 16.4800 5.0723 15.4859 3.5495 16.7637 6.7594 16.7529 6.5648 16.7056 7.0003 16.7009 7.0308 16.7328 7.1305 16.7395 7.1539 16.7827 7.2181 16.7506 7.2378 16.7924 6.7275 15.2782 2.0471 16.6178 6.8359 16.8258 7.2986 
dot 15 15.9050 3.2885 16.7225 7.2947 16.8217 7.4621 16.7821 6.4905 16.8371 7.6501 16.6488 5.6473 16.7893 6.5004 16.8332 6.8487 16.7883 6.4268 16.8863 7.5548 16.8672 7.0707 16.7155 7.5278 16.4575 6.3482 16.8695 6.9742 16.8519 8.2542 14.6990 1.0926 16.9921 8.6354 16.7744 5.9358 16.9250 6.9193 16.4466 6.5753 
dot 15 13.6264 0.9918 16.7371 5.6799 15.6741 4.1768 16.6371 7.7867 16.6946 8.6083 17.0143 7.3212 16.7691 5.6896 16.8575 6.1318 16.6760 5.2484 15.9909 3.2454 
clear
gstate $g
if {[check_session]} return
translate 0 90
scale 0.03
text 15 0 0 {META RECORDED DIRECTIONAL }
text 15 0 -100 TARGET=1E-06
text 15 0 -200 BEST=0.9845
text 15 0 -300 GENERATION=12
text 15 0 -500 PARENTS=-9266128936674546510708803659540666989570440318463045266854634092789923316019634195319186364987354661410697604753167801167177259691798259274535313963828899395054512892298208739898816592182784001477532694415068917387837429455519744.00
gstate $h
dot 15 11.3241 -1.2405 12.1734 -0.6754 13.6038 0.2655 13.8099 0.5050 13.4172 -0.0470 14.3708 1.2934 14.5204 1.2420 14.9424 2.1120 14.9211 2.0958 15.0288 2.0971 14.9788 1.9599 13.5984 0.0471 15.1400 2.3066 15.4062 2.8514 14.9500 2.2884 15.1313 2.5422 12.3643 -1.0804 15.4671 2.8689 15.4889 2.9430 15.3790 2.6040 
dot 15 15.4922 2.8767 15.5100 2.9135 15.4319 3.0381 15.6450 3.2200 15.4583 2.7087 15.5965 3.3621 15.6012 2.9872 15.8405 3.6049 15.4736 2.6779 15.5973 3.4613 15.6045 2.9532 15.6398 3.0332 15.9326 3.7785 15.5536 3.4518 15.5234 2.6979 14.4456 0.9231 16.1897 4.7001 15.9970 3.8177 14.8874 2.3846 15.6716 3.7405 
dot 15 15.0984 2.7255 15.2353 2.9673 16.2134 4.4065 16.1772 4.2563 15.9021 3.4623 15.9042 4.3068 15.3579 3.2119 16.1490 4.1145 14.6023 2.0268 16.3976 5.5400 16.1790 4.9953 15.8757 3.3710 16.0165 4.5999 15.1637 2.8916 16.5134 5.5869 15.7598 4.0313 15.7325 3.9739 16.5247 5.8535 16.2326 5.2166 16.5775 5.5767 
dot 15 16.2850 4.3786 15.2913 2.0897 15.7173 2.8950 16.2884 5.5932 16.1177 5.0806 15.7964 4.2802 15.4044 2.2355 16.6619 5.6227 16.3938 4.5577 15.5022 2.3988 
clear
gstate $g
if {[check_session]} return
translate 0 90
scale 0.03
text 15 0 0 {META RECORDED DIRECTIONAL }
text 15 0 -100 TARGET=1E-06
text 15 0 -200 BEST=0.9845
text 15 0 -300 GENERATION=13
text 15 0 -500 PARENTS=-9266128936674546510708803659540666989570440318463045266854634092789923316019634195319186364987354661410697604753167801167177259691798259274535313963828899395054512892298208739898816592182784001477532694415068917387837429455519744.00
gstate $h
dot 15 11.3241 -1.2405 12.6975 -0.4561 12.3966 -0.8149 12.1734 -0.6754 10.5880 -1.4228 13.4267 0.1490 13.5222 0.1741 13.6038 0.2655 13.8237 0.5387 13.8099 0.5050 12.9111 -0.5109 13.3961 -0.0503 13.4172 -0.0470 13.9403 0.8956 14.3708 1.2934 12.9823 -0.5058 14.6842 1.7227 14.7662 1.7457 14.5204 1.2420 14.9424 2.1120 
dot 15 14.9211 2.0958 14.9946 2.1324 15.0201 2.1549 9.8716 -2.3552 15.0457 2.1744 15.0768 2.2513 15.0288 2.0971 14.7639 1.9603 14.9788 1.9599 13.5984 0.0471 15.1400 2.3066 15.0191 2.0268 15.1448 2.4145 13.9651 0.4566 14.8411 2.0751 15.0549 2.3444 15.0700 2.1134 15.1874 2.4942 15.0788 2.1193 14.7623 1.5491 
dot 15 15.0786 2.1046 14.0179 1.1150 13.7169 0.1519 15.2944 2.5290 14.7555 2.0173 15.0807 2.0597 15.4062 2.8514 14.9500 2.2884 15.1313 2.5422 15.3542 2.8436 14.6993 1.9611 12.3643 -1.0804 14.5884 1.2349 15.4671 2.8689 15.4889 2.9430 15.5024 3.0039 15.5319 3.0945 15.5128 3.1065 15.5486 3.1192 15.4674 3.0661 
dot 15 15.3790 2.6040 15.0068 1.8700 15.4025 2.6127 15.6094 3.0745 15.1569 2.6735 12.4664 -1.0271 15.3555 2.4577 15.7588 3.7130 14.7606 2.1351 14.6032 1.9400 
clear
gstate $g
if {[check_session]} return
translate 0 90
scale 0.03
text 15 0 0 {META RECORDED DIRECTIONAL }
text 15 0 -100 TARGET=1E-06
text 15 0 -200 BEST=0.9761
text 15 0 -300 GENERATION=14
text 15 0 -500 PARENTS=-9266128936674546510708803659540666989570440318463045266854634092789923316019634195319186364987354661410697604753167801167177259691798259274535313963828899395054512892298208739898816592182784001477532694415068917387837429455519744.00
gstate $h
dot 15 8.3846 -2.2147 8.9230 -2.2850 9.5313 -2.0852 10.0250 -1.8767 10.1668 -1.9268 11.3241 -1.2405 12.4264 -0.6260 12.4565 -0.6944 12.3934 -0.7683 12.4332 -0.5922 12.6975 -0.4561 12.4057 -0.5667 12.3966 -0.8149 12.4459 -0.5149 12.1734 -0.6754 10.1286 -1.5805 12.9679 -0.3272 10.5880 -1.4228 12.4458 -0.4738 11.5653 -1.4708 
dot 15 13.1881 -0.1204 11.5974 -1.4560 12.9719 -0.1025 13.2925 -0.0153 13.2109 0.0769 13.4267 0.1490 13.3273 -0.0129 13.1424 -0.2316 13.5222 0.1741 8.9923 -1.8105 13.6038 0.2655 13.8237 0.5387 13.8099 0.5050 13.8920 0.6925 13.9184 0.7111 13.9409 0.6894 13.9218 0.6435 12.9111 -0.5109 14.0232 0.7492 13.3961 -0.0503 
dot 15 14.1501 0.9631 14.1679 1.0189 14.1755 1.0476 14.1008 0.8007 13.4172 -0.0470 11.5007 -1.5802 14.1201 0.7984 14.2397 1.1687 13.9125 0.8644 13.9403 0.8956 14.3708 1.2934 14.4021 1.2250 12.9823 -0.5058 14.6842 1.7227 14.5502 1.3305 14.7662 1.7457 14.7339 1.6568 14.6651 1.7412 14.8142 1.8200 14.8215 1.8441 
dot 15 14.8054 1.8795 14.7190 1.5940 14.8304 1.8156 14.7031 1.8071 14.9032 2.0147 14.5204 1.2420 14.8912 1.8986 13.2115 0.2920 14.8647 1.8031 14.9424 2.1120 
clear
gstate $g
if {[check_session]} return
translate 0 90
scale 0.03
text 15 0 0 {META RECORDED DIRECTIONAL }
text 15 0 -100 TARGET=1E-06
text 15 0 -200 BEST=0.9604
text 15 0 -300 GENERATION=15
text 15 0 -500 PARENTS=-9266128936674546510708803659540666989570440318463045266854634092789923316019634195319186364987354661410697604753167801167177259691798259274535313963828899395054512892298208739898816592182784001477532694415068917387837429455519744.00
gstate $h
dot 15 5.0466 -1.7912 5.9145 -1.8848 8.3846 -2.2147 8.5611 -2.2704 8.7777 -2.1466 8.9230 -2.2850 9.3791 -2.1471 9.4411 -2.0627 9.5313 -2.0852 8.7140 -2.4138 10.0250 -1.8767 10.1668 -1.9268 9.5407 -1.8909 10.5229 -1.5855 11.3241 -1.2405 11.9942 -1.0864 12.1721 -0.9378 12.3906 -0.7074 12.3901 -0.7087 12.3924 -0.7079 
dot 15 12.3811 -0.6706 12.4213 -0.6839 12.4134 -0.6537 12.3805 -0.6579 12.4021 -0.7229 12.3928 -0.7363 10.7718 -1.8579 12.3925 -0.7411 12.3968 -0.7435 12.4264 -0.6260 11.4255 -1.4971 12.4008 -0.7531 12.4565 -0.6944 12.4285 -0.6068 12.4523 -0.5921 12.3934 -0.7683 12.5350 -0.5951 12.1396 -0.9963 12.4332 -0.5922 12.2788 -0.6689 
dot 15 12.5460 -0.5531 12.3528 -0.8151 12.4073 -0.7663 12.3974 -0.6016 12.5614 -0.6046 10.6181 -1.4469 12.3995 -0.7807 12.4035 -0.7794 12.0265 -1.0986 8.7587 -1.8867 12.6975 -0.4561 12.4057 -0.5667 12.4417 -0.5403 12.3966 -0.8149 12.1179 -1.0481 12.5664 -0.6662 12.4622 -0.5136 12.8990 -0.2890 12.4459 -0.5149 12.1734 -0.6754 
dot 15 12.4499 -0.5055 12.4252 -0.5135 12.0592 -1.1172 12.0259 -1.1419 12.4474 -0.4828 10.1286 -1.5805 12.9679 -0.3272 12.4062 -0.8564 12.5177 -0.7629 10.5880 -1.4228 
clear
gstate $g
if {[check_session]} return
translate 0 90
scale 0.03
text 15 0 0 {META RECORDED DIRECTIONAL }
text 15 0 -100 TARGET=1E-06
text 15 0 -200 BEST=0.9604
text 15 0 -300 GENERATION=16
text 15 0 -500 PARENTS=-9266128936674546510708803659540666989570440318463045266854634092789923316019634195319186364987354661410697604753167801167177259691798259274535313963828899395054512892298208739898816592182784001477532694415068917387837429455519744.00
gstate $h
dot 15 5.0466 -1.7912 2.5972 0.2210 4.0088 -1.3497 5.9573 -2.0849 5.9145 -1.8848 5.5650 -1.7081 3.3602 -0.8694 6.6265 -2.1693 7.4448 -2.3478 7.5627 -2.1573 8.3846 -2.2147 8.5611 -2.2704 8.6254 -2.2628 8.5151 -2.3174 8.2830 -2.1573 8.7777 -2.1466 8.8803 -2.2762 8.9230 -2.2850 8.7282 -2.3461 7.4438 -2.5136 
dot 15 7.5409 -2.5126 8.7994 -2.3442 9.3791 -2.1471 9.4411 -2.0627 9.5313 -2.0852 9.6986 -1.9588 7.0517 -2.5402 9.6211 -1.9460 9.5955 -1.9427 8.7140 -2.4138 10.0250 -1.8767 10.1029 -1.9289 7.4993 -2.5638 10.1668 -1.9268 10.1072 -1.7832 9.5407 -1.8909 10.2023 -1.7252 10.2309 -1.7109 7.5811 -2.5942 10.3635 -1.6564 
dot 15 10.2368 -1.6869 9.1865 -1.9089 11.0882 -1.5493 10.5229 -1.5855 7.9174 -1.9811 7.2116 -2.6061 8.0840 -2.5861 11.1040 -1.3400 10.9640 -1.3925 11.3241 -1.2405 7.2994 -2.6348 9.2736 -1.8400 11.8041 -1.2069 11.8065 -1.2127 12.2408 -0.7727 12.3020 -0.7938 8.2715 -1.9349 11.9942 -1.0864 12.1721 -0.9378 12.3882 -0.6847 
dot 15 12.3904 -0.6853 12.3931 -0.6860 12.3906 -0.7074 12.3901 -0.7087 12.3922 -0.6827 12.3924 -0.7079 12.3940 -0.6764 12.4021 -0.6986 12.4037 -0.6956 12.3920 -0.6597 
clear
gstate $g
if {[check_session]} return
translate 0 90
scale 0.03
text 15 0 0 {META RECORDED DIRECTIONAL }
text 15 0 -100 TARGET=1E-06
text 15 0 -200 BEST=0.8276
text 15 0 -300 GENERATION=17
text 15 0 -500 PARENTS=-9266128936674546510708803659540666989570440318463045266854634092789923316019634195319186364987354661410697604753167801167177259691798259274535313963828899395054512892298208739898816592182784001477532694415068917387837429455519744.00
gstate $h
dot 15 3.9742 3.2235 3.5599 -0.2494 4.3539 -1.3520 5.0466 -1.7912 2.5972 0.2210 4.1835 -0.8103 5.4194 -1.8018 4.0088 -1.3497 5.9573 -2.0849 5.9938 -2.1459 6.2235 -2.0908 5.9416 -1.9073 5.9556 -2.1725 5.9145 -1.8848 5.5650 -1.7081 3.3602 -0.8694 6.6265 -2.1693 6.0544 -2.2352 6.5811 -2.2891 5.7896 -1.7743 
dot 15 7.0912 -2.3119 6.6996 -2.3345 5.8232 -2.2252 6.4523 -1.9991 7.0929 -2.3516 7.4448 -2.3478 7.5855 -2.3252 6.0410 -2.3012 7.8299 -2.2396 7.0448 -2.0826 7.0594 -2.4415 7.5627 -2.1573 8.3003 -2.3238 7.1453 -2.0684 7.7085 -2.4430 8.3846 -2.2147 8.5611 -2.2704 8.6254 -2.2628 8.6319 -2.2602 8.5151 -2.3174 
dot 15 8.2830 -2.1573 8.8616 -2.1781 8.7777 -2.1466 8.8803 -2.2762 6.5626 -1.8995 8.9230 -2.2850 8.7282 -2.3461 7.4438 -2.5136 7.8351 -2.5000 8.8099 -2.0769 9.1322 -2.0534 8.0530 -2.0838 9.6650 -2.0150 4.8133 -1.0546 8.8714 -2.3808 4.5488 -0.8330 9.5441 -2.2063 10.4004 -1.7396 10.4739 -1.7694 8.1749 -2.5299 
dot 15 6.4702 -1.7904 9.1692 -1.9084 8.4036 -2.5444 8.0964 -2.5824 9.3182 -2.3651 7.8212 -2.6102 7.4041 -2.6349 7.1950 -2.6306 7.3749 -2.6488 6.8360 -2.6210 
clear
gstate $g
if {[check_session]} return
translate 0 90
scale 0.03
text 15 0 0 {META RECORDED DIRECTIONAL }
text 15 0 -100 TARGET=1E-06
text 15 0 -200 BEST=0.5915
text 15 0 -300 GENERATION=18
text 15 0 -500 PARENTS=-9266128936674546510708803659540666989570440318463045266854634092789923316019634195319186364987354661410697604753167801167177259691798259274535313963828899395054512892298208739898816592182784001477532694415068917387837429455519744.00
gstate $h
dot 15 4.6439 4.2439 3.9742 3.2235 2.8113 0.7536 3.1659 0.3244 3.5599 -0.2494 3.9668 -1.0489 4.3539 -1.3520 3.3081 -0.6508 4.6020 -1.4755 4.4177 -1.4424 4.7243 -1.4833 4.7504 -1.6243 5.1881 -1.7659 5.0466 -1.7912 2.5972 0.2210 4.1835 -0.8103 5.4194 -1.8018 4.0088 -1.3497 3.6863 -0.1429 5.8948 -2.0035 
dot 15 5.9573 -2.0849 6.0245 -2.0560 5.9945 -2.0909 5.8860 -2.0977 5.9734 -2.1066 3.8959 -0.4138 5.9868 -2.1274 5.9938 -2.1459 6.2235 -2.0908 6.1838 -2.0579 6.0073 -2.1522 5.9840 -2.1709 5.9416 -1.9073 6.0241 -2.1774 6.3235 -2.1895 5.9590 -2.1730 5.9556 -2.1725 6.1181 -2.1964 5.9145 -1.8848 5.6071 -1.7364 
dot 15 5.8202 -1.8354 5.5650 -1.7081 5.8399 -1.8407 6.0233 -2.2019 6.0651 -2.2081 5.9170 -2.1885 3.3602 -0.8694 6.6265 -2.1693 6.0964 -2.2379 6.0611 -2.2345 6.0544 -2.2352 6.0667 -2.2372 6.5811 -2.2891 6.1252 -2.2559 5.7896 -1.7743 5.9663 -2.2368 6.0695 -2.2611 5.9770 -1.8427 5.9835 -2.2541 6.0389 -2.2658 
dot 15 6.0395 -2.2760 6.0253 -2.2760 3.8816 -0.2896 6.0083 -2.2761 6.0335 -2.2884 6.0914 -2.3152 6.1719 -2.3316 4.2036 -0.6383 6.0733 -2.3165 6.1661 -2.3581 
clear
gstate $g
if {[check_session]} return
translate 0 90
scale 0.03
text 15 0 0 {META RECORDED DIRECTIONAL }
text 15 0 -100 TARGET=1E-06
text 15 0 -200 BEST=0.5438
text 15 0 -300 GENERATION=19
text 15 0 -500 PARENTS=-9266128936674546510708803659540666989570440318463045266854634092789923316019634195319186364987354661410697604753167801167177259691798259274535313963828899395054512892298208739898816592182784001477532694415068917387837429455519744.00
gstate $h
dot 15 5.6777 3.6227 4.6439 4.2439 3.4405 3.9215 3.1234 3.3545 3.9742 3.2235 2.6160 1.6277 2.7811 1.0722 2.8113 0.7536 2.8308 0.7859 2.7665 0.3517 3.1659 0.3244 3.6282 -0.6583 3.5599 -0.2494 3.9668 -1.0489 4.1069 -1.0915 4.2269 -1.1924 6.4260 3.6403 4.2204 -1.0476 4.3539 -1.3520 3.3081 -0.6508 
dot 15 4.6020 -1.4755 4.5302 -1.4683 4.4177 -1.4424 4.5589 -1.4938 4.3518 -1.4194 4.7243 -1.4833 4.7307 -1.6116 4.7504 -1.6243 5.0602 -1.6355 3.6046 -0.1089 4.9593 -1.7381 5.1881 -1.7659 5.2704 -1.8026 5.0466 -1.7912 2.5972 0.2210 4.7082 -1.2875 4.1835 -0.8103 5.4194 -1.8018 5.4825 -1.8628 4.4714 -1.0782 
dot 15 5.5049 -1.8485 5.0970 -1.5239 4.0088 -1.3497 4.2861 8.2477 3.6863 -0.1429 5.8948 -2.0035 2.7266 -0.0427 5.7164 -2.0581 5.1832 -1.9350 5.9820 -2.0359 4.9915 -1.4246 3.9749 -1.3382 5.8122 -1.8921 6.0060 -2.1613 4.9986 -1.9097 5.6239 4.5278 5.6975 -1.7483 5.2938 -1.5338 5.7526 -1.7588 4.2946 -1.6069 
dot 15 5.2917 -1.5121 5.8876 -1.7896 5.7538 -1.7167 5.1735 -1.4159 4.1168 -0.5609 5.7998 -1.7298 5.5166 -1.5797 4.0556 -1.5122 5.3139 -1.4270 3.8859 7.9700 
clear
gstate $g
if {[check_session]} return
translate 0 90
scale 0.03
text 15 0 0 {META RECORDED DIRECTIONAL }
text 15 0 -100 TARGET=1E-06
text 15 0 -200 BEST=0.3141
text 15 0 -300 GENERATION=20
text 15 0 -500 PARENTS=-9266128936674546510708803659540666989570440318463045266854634092789923316019634195319186364987354661410697604753167801167177259691798259274535313963828899395054512892298208739898816592182784001477532694415068917387837429455519744.00
gstate $h
dot 15 4.4501 2.7262 4.9027 4.1249 5.6777 3.6227 4.6439 4.2439 3.4405 3.9215 3.1234 3.3545 3.4139 4.0891 3.9742 3.2235 2.7607 3.3271 4.0795 2.4082 2.5869 2.0397 5.9241 1.6485 2.6160 1.6277 2.7451 1.7693 2.6737 1.1115 2.7876 1.4773 2.7811 1.0722 2.7887 1.1760 2.8007 1.2567 2.8113 1.1812 
dot 15 2.8167 0.9331 2.8113 0.7536 2.8308 0.7859 2.8703 0.9691 2.7179 0.5191 2.7665 0.3517 2.8582 0.1712 3.2883 -0.1676 3.3194 -0.1902 3.1659 0.3244 3.2996 -0.3285 3.3881 -0.2791 3.3221 -0.0655 3.4033 -0.4897 3.4899 -0.3395 3.5882 -0.5054 3.6282 -0.6583 3.6871 -0.6830 2.3983 0.9391 3.7453 -0.6832 
dot 15 3.4570 -0.6319 2.8914 -0.0380 3.6183 -0.7906 3.7257 -0.5553 3.9336 -0.8972 2.7528 0.1459 3.5599 -0.2494 4.0591 -1.0372 3.9668 -1.0489 3.8231 -0.9791 4.1069 -1.0915 4.1616 -1.1540 4.1785 -1.1726 4.2269 -1.1924 4.2166 -1.2147 6.4260 3.6403 4.2204 -1.0476 4.3539 -1.3520 3.9932 -1.1787 3.2573 -0.5839 
dot 15 3.3081 -0.6508 4.5968 -1.4915 4.6933 -1.5455 4.2881 -1.0137 4.3045 -1.4281 4.7058 -1.6032 3.5995 -0.1164 4.9930 -1.7111 4.6487 -1.2884 4.8890 -1.4369 
clear
gstate $g
if {[check_session]} return
translate 0 90
scale 0.03
text 15 0 0 {META RECORDED DIRECTIONAL }
text 15 0 -100 TARGET=1E-06
text 15 0 -200 BEST=0.3141
text 15 0 -300 GENERATION=21
text 15 0 -500 PARENTS=-9266128936674546510708803659540666989570440318463045266854634092789923316019634195319186364987354661410697604753167801167177259691798259274535313963828899395054512892298208739898816592182784001477532694415068917387837429455519744.00
gstate $h
dot 15 4.4501 2.7262 4.8868 2.2855 4.9027 4.1249 5.6777 3.6227 5.4001 4.0323 4.6439 4.2439 4.2066 2.8398 3.5143 3.9733 3.4405 3.9215 5.1959 1.7521 3.0881 3.3803 3.1234 3.3545 3.4139 4.0891 3.9742 3.2235 2.7183 2.8400 2.7607 3.3271 2.6098 2.6876 2.5985 2.4796 2.7657 2.4592 4.0795 2.4082 
dot 15 2.6331 2.2073 2.6090 2.1309 2.5869 2.0397 2.7291 3.4156 5.9241 1.6485 2.7355 2.1783 2.7457 2.1270 2.7794 2.1682 2.6619 1.8054 2.7835 2.1277 2.6634 1.7516 2.6160 1.6277 2.4352 2.5641 2.7780 2.0459 2.7412 1.8849 6.2437 1.7293 2.6821 1.4968 2.7451 1.7693 2.7281 1.6522 2.6644 1.3103 
dot 15 2.7082 1.4172 2.6550 1.2702 2.6546 1.2080 2.6893 1.2284 2.6015 1.2057 2.7147 1.2943 2.6303 1.1805 2.8262 1.9703 2.3651 2.1807 2.7163 1.2183 2.6737 1.1115 2.6719 1.1079 2.7567 1.4395 2.5590 1.1901 2.6325 1.0665 2.5698 1.1455 3.5023 3.0086 2.7734 1.3420 2.7876 1.4773 2.7696 1.0648 
dot 15 2.7811 1.0722 2.7912 1.2801 2.7887 1.1760 2.8007 1.2567 2.7978 0.8953 2.8063 1.1593 2.6468 0.8753 2.8113 1.1812 2.8147 1.1958 2.8212 1.4454 
clear
gstate $g
if {[check_session]} return
translate 0 90
scale 0.03
text 15 0 0 {META RECORDED DIRECTIONAL }
text 15 0 -100 TARGET=1E-06
text 15 0 -200 BEST=0.1723
text 15 0 -300 GENERATION=22
text 15 0 -500 PARENTS=-9266128936674546510708803659540666989570440318463045266854634092789923316019634195319186364987354661410697604753167801167177259691798259274535313963828899395054512892298208739898816592182784001477532694415068917387837429455519744.00
gstate $h
dot 15 5.4404 3.1690 4.4501 2.7262 4.8868 2.2855 4.9027 4.1249 5.6777 3.6227 5.2604 2.3703 5.4001 4.0323 4.6439 4.2439 5.5603 2.1048 5.0276 1.9414 4.2066 2.8398 4.4061 3.7117 5.9202 1.8890 3.5143 3.9733 5.0616 4.3751 3.4611 3.9416 3.4405 3.9215 5.1959 1.7521 4.0634 3.0827 3.0881 3.3803 
dot 15 3.1234 3.3545 3.4139 4.0891 2.8364 3.2419 3.9742 3.2235 4.9156 1.7412 2.8043 3.2229 2.7448 2.8836 4.3927 4.5506 2.7183 2.8400 2.7903 2.7542 2.7595 2.6693 2.8526 3.4930 2.7220 2.6453 2.7607 3.3271 2.6098 2.6876 2.5985 2.4796 2.7657 2.4592 4.0795 2.4082 5.3250 1.6045 2.8297 2.4668 
dot 15 2.5375 1.9650 7.3759 2.9744 2.6582 3.3189 2.5387 3.0057 3.8113 4.4795 3.0732 3.9735 2.4211 2.7803 2.8106 1.6710 2.8138 1.4974 2.8459 1.5778 3.0215 0.5058 2.5450 3.3955 3.3162 2.6382 7.0364 6.2099 2.2050 2.2374 3.5772 -0.7437 3.9179 2.2730 2.2353 2.5733 2.7309 3.7945 6.5729 6.1379 
dot 15 3.0730 1.2586 2.6922 3.7589 2.3875 3.1971 3.1045 -0.5549 6.3879 3.8664 3.8080 -1.2407 6.1539 7.4897 3.3226 1.9835 6.2899 6.2264 2.7308 3.9743 
clear
gstate $g
if {[check_session]} return
translate 0 90
scale 0.03
text 15 0 0 {META RECORDED DIRECTIONAL }
text 15 0 -100 TARGET=1E-06
text 15 0 -200 BEST=0.06238
text 15 0 -300 GENERATION=23
text 15 0 -500 PARENTS=-9266128936674546510708803659540666989570440318463045266854634092789923316019634195319186364987354661410697604753167801167177259691798259274535313963828899395054512892298208739898816592182784001477532694415068917387837429455519744.00
gstate $h
dot 15 5.1486 2.9632 5.3241 3.1309 5.4404 3.1690 5.4116 3.2814 4.4501 2.7262 4.5221 2.5974 4.3909 2.8883 4.9817 2.6396 4.4802 3.3171 4.7581 2.3842 4.8185 2.2743 4.8868 2.2855 4.8150 2.2442 4.7960 2.2402 4.9741 3.7427 4.9370 2.1704 4.9027 4.1249 4.9497 2.0599 5.0173 2.0267 5.6777 3.6227 
dot 15 5.2604 2.3703 5.2859 2.2742 5.4001 4.0323 5.5036 3.9398 4.6439 4.2439 4.9905 1.9685 5.5603 2.1048 5.0276 1.9414 4.2066 2.8398 5.8025 3.3397 4.9567 1.9446 4.4061 3.7117 4.1693 4.2817 5.1233 1.8375 5.8337 1.9029 4.2217 2.5297 3.7436 3.9637 5.9202 1.8890 3.6857 3.8775 6.2728 2.0643 
dot 15 6.0469 1.9181 3.5143 3.9733 5.0616 4.3751 3.4611 3.9416 3.4752 3.7015 3.4405 3.9215 5.1959 1.7521 5.7373 1.7663 3.2870 3.5950 4.0634 3.0827 3.3984 3.5648 6.6538 2.6789 3.0881 3.3803 3.3038 3.9503 3.7013 3.5682 3.5207 3.3729 7.3189 3.2543 4.1087 4.5095 6.8404 3.1314 3.0879 3.8687 
dot 15 7.5333 4.1661 7.5700 4.0088 4.8089 4.6278 2.3883 2.7643 2.8259 0.8311 2.8757 3.8596 7.1631 2.3331 5.7034 4.3109 5.4542 4.4967 3.2272 2.4225 
clear
gstate $g
if {[check_session]} return
translate 0 90
scale 0.03
text 15 0 0 {META RECORDED DIRECTIONAL }
text 15 0 -100 TARGET=1E-06
text 15 0 -200 BEST=0.005036
text 15 0 -300 GENERATION=24
text 15 0 -500 PARENTS=-9266128936674546510708803659540666989570440318463045266854634092789923316019634195319186364987354661410697604753167801167177259691798259274535313963828899395054512892298208739898816592182784001477532694415068917387837429455519744.00
gstate $h
dot 15 5.0514 3.1022 5.1130 3.0621 5.1486 2.9632 4.7390 3.3378 5.3711 2.9934 5.3241 3.1309 5.4404 3.1690 4.8264 2.8255 5.4116 3.2814 4.5186 2.8592 5.4107 2.8739 4.5734 2.8076 4.5321 2.7445 4.5223 2.7459 5.1986 3.4574 4.7610 2.7130 4.5825 2.6497 4.6754 2.6628 4.7178 2.6870 4.7552 2.6689 
dot 15 4.4039 2.9226 4.4841 2.6693 4.5855 2.5788 4.4501 2.7262 4.4933 2.6523 4.5531 2.5903 4.6806 2.5656 4.4798 2.6509 4.5221 2.5974 4.3909 2.8883 4.9817 2.6396 4.6428 2.5109 4.6299 2.5045 4.6596 2.4757 4.6403 2.4526 4.4802 3.3171 4.5795 2.4802 4.7913 2.4969 4.7354 2.3936 4.7383 2.3900 
dot 15 4.7581 2.3842 4.8642 2.5311 4.4460 3.2925 4.8297 2.4563 4.6094 2.4080 4.8473 2.4765 4.3719 2.7509 4.7133 2.3509 4.8763 2.3730 4.7877 2.2854 5.6467 3.0726 4.7828 2.2840 4.8185 2.2743 4.8257 2.2629 4.8868 2.2855 4.9261 2.3542 4.8188 2.2461 4.8150 2.2442 4.7960 2.2402 4.3191 2.8337 
dot 15 4.8426 2.2099 4.9741 3.7427 5.6537 3.5222 4.9459 2.1988 4.9557 2.1990 4.7028 2.2405 4.9846 2.1955 5.0041 2.2139 4.9984 2.1990 4.9370 2.1704 
clear
gstate $g
if {[check_session]} return
translate 0 90
scale 0.03
text 15 0 0 {META RECORDED DIRECTIONAL }
text 15 0 -100 TARGET=1E-06
text 15 0 -200 BEST=0.005036
text 15 0 -300 GENERATION=25
text 15 0 -500 PARENTS=-9266128936674546510708803659540666989570440318463045266854634092789923316019634195319186364987354661410697604753167801167177259691798259274535313963828899395054512892298208739898816592182784001477532694415068917387837429455519744.00
gstate $h
dot 15 5.0514 3.1022 5.1130 3.0621 4.9630 3.2246 5.1328 3.2071 5.1534 3.1044 4.9391 3.2830 5.0132 2.8831 5.0707 2.9037 4.8719 3.2059 5.1486 2.9632 4.7750 3.1180 4.7839 3.0391 5.2678 2.8800 4.6647 3.1918 4.7390 3.3378 5.3711 2.9934 5.3241 3.1309 4.5883 3.1605 4.6839 3.0212 4.5549 3.1631 
dot 15 5.4404 3.1690 5.3634 3.2315 4.6398 3.3321 4.8264 2.8255 4.7225 2.9105 4.5356 2.9995 4.5136 3.1022 5.4116 3.2814 5.4182 2.9038 4.4894 3.0669 4.4872 3.0445 4.5381 3.2436 5.3781 2.8481 4.5683 2.8341 4.5186 2.8592 5.4107 2.8739 4.7561 2.8105 4.5864 2.8212 4.4689 3.0565 4.5734 2.8076 
dot 15 5.0961 2.7108 4.5972 2.7650 4.5170 3.2512 4.4910 2.8228 4.6906 2.7754 4.6227 3.3852 4.4509 3.0909 4.5321 2.7445 4.5141 2.7568 4.5223 2.7459 4.5481 3.3129 5.1986 3.4574 5.3736 3.4755 4.6826 2.7394 4.6919 2.7420 4.6619 2.7260 4.6834 2.7350 4.4426 2.8767 4.6670 2.7175 5.2182 3.4687 
dot 15 4.5968 2.6721 4.5938 2.6666 4.7610 2.7130 4.5825 2.6497 4.6593 2.6636 4.6754 2.6628 4.7178 2.6870 4.5616 2.6180 4.4276 3.1277 4.7552 2.6689 
clear
gstate $g
if {[check_session]} return
translate 0 90
scale 0.03
text 15 0 0 {META RECORDED DIRECTIONAL }
text 15 0 -100 TARGET=1E-06
text 15 0 -200 BEST=0.001179
text 15 0 -300 GENERATION=26
text 15 0 -500 PARENTS=-9266128936674546510708803659540666989570440318463045266854634092789923316019634195319186364987354661410697604753167801167177259691798259274535313963828899395054512892298208739898816592182784001477532694415068917387837429455519744.00
gstate $h
dot 15 5.0273 3.1162 4.9819 3.1225 4.9656 3.1311 5.0514 3.1022 4.9741 3.1864 5.1236 3.1111 5.1130 3.0621 4.8719 3.0448 4.8912 2.9929 4.9630 3.2246 5.1328 3.2071 4.9374 3.2274 5.1534 3.1044 5.0769 3.2815 5.0503 3.3001 4.9391 3.2830 4.9072 3.2209 5.0132 2.8831 5.0707 2.9037 4.9100 3.2567 
dot 15 4.8719 3.2059 4.8314 3.1429 5.1486 2.9632 5.1730 2.9716 4.8076 3.2204 4.7807 3.2590 5.2033 3.1387 5.2033 3.0459 4.7881 3.2117 4.9205 3.3722 4.7508 3.2412 4.7750 3.1180 4.7843 3.0410 4.7839 3.0391 4.7197 3.1894 4.7017 3.2520 4.7025 3.2564 5.2678 2.8800 4.6647 3.1918 4.7390 3.3378 
dot 15 5.2549 3.1440 4.7361 3.0608 4.6402 3.1912 5.1770 2.8067 5.3417 2.9376 4.7721 2.9670 5.3711 2.9934 4.6761 3.2994 4.6925 3.0729 5.3241 3.1309 4.6742 3.0675 5.2847 2.8417 5.3936 3.1122 4.5883 3.1605 4.6839 3.0212 4.8497 3.4253 4.6974 3.3541 5.3450 3.1712 4.5589 3.1312 4.5549 3.1631 
dot 15 4.9637 3.4522 5.4760 3.1230 4.8489 2.8065 4.5024 3.0444 4.6667 3.3761 4.6535 3.3663 5.4591 2.9710 4.7839 2.8218 4.4938 3.1020 5.1822 3.4029 
clear
gstate $g
if {[check_session]} return
translate 0 90
scale 0.03
text 15 0 0 {META RECORDED DIRECTIONAL }
text 15 0 -100 TARGET=1E-06
text 15 0 -200 BEST=0.0005536
text 15 0 -300 GENERATION=27
text 15 0 -500 PARENTS=-9266128936674546510708803659540666989570440318463045266854634092789923316019634195319186364987354661410697604753167801167177259691798259274535313963828899395054512892298208739898816592182784001477532694415068917387837429455519744.00
gstate $h
dot 15 5.0172 3.1128 5.0273 3.1162 4.9819 3.1225 4.9709 3.1100 5.0228 3.0538 4.9656 3.1311 5.0514 3.1022 4.9503 3.0757 5.0797 3.0915 5.0775 3.1079 4.9330 3.1516 4.9489 3.1662 5.0028 3.1748 5.0850 3.1391 4.9523 3.1770 5.0537 3.0252 4.9741 3.1864 5.1236 3.1111 5.1130 3.0621 4.8719 3.0448 
dot 15 4.8912 2.9929 4.8734 3.0188 5.0119 3.2316 5.0251 3.2472 5.0136 3.2490 4.9630 3.2246 4.8655 3.1362 4.9752 3.2497 4.9698 3.2469 4.9910 3.2784 5.1328 3.2071 4.9650 3.2457 4.9802 3.2746 4.9374 3.2274 5.1534 3.1044 4.9393 3.2345 4.9364 3.2326 4.9632 2.9040 4.9340 3.2358 4.8440 3.0416 
dot 15 5.0769 3.2815 4.9209 3.2271 5.1593 3.1077 5.0503 3.3001 4.9391 3.2830 4.9072 3.2209 5.0627 3.2950 4.9426 3.2929 4.9319 3.2823 5.0132 2.8831 5.0707 2.9037 4.8892 3.2127 5.1329 3.0183 4.9934 2.8795 4.8899 3.2159 4.9100 3.2567 5.1513 3.0501 4.8485 3.1502 4.8647 3.2298 4.8646 3.2433 
dot 15 4.8395 3.1735 4.8709 3.3135 4.8452 2.9637 4.8729 3.3278 5.1043 3.3031 5.1829 2.9088 4.8068 3.2683 5.0316 3.3487 4.8034 3.1722 4.8331 3.3429 
clear
gstate $g
if {[check_session]} return
translate 0 90
scale 0.03
text 15 0 0 {META RECORDED DIRECTIONAL }
text 15 0 -100 TARGET=1E-06
text 15 0 -200 BEST=9.513E-05
text 15 0 -300 GENERATION=28
text 15 0 -500 PARENTS=-9266128936674546510708803659540666989570440318463045266854634092789923316019634195319186364987354661410697604753167801167177259691798259274535313963828899395054512892298208739898816592182784001477532694415068917387837429455519744.00
gstate $h
dot 15 4.9941 3.1035 5.0072 3.0866 5.0172 3.1128 5.0077 3.1309 5.0273 3.1162 4.9819 3.1225 4.9709 3.1100 5.0228 3.0538 4.9656 3.1311 5.0332 3.0517 5.0599 3.0681 4.9444 3.1425 5.0514 3.1022 5.0602 3.0565 4.9400 3.1031 4.9503 3.0757 4.9950 3.1665 5.0797 3.0915 4.9283 3.1395 5.0775 3.1079 
dot 15 4.9330 3.1516 4.9127 3.0861 5.0383 3.0318 5.0951 3.1061 5.0489 3.0333 4.9489 3.1662 5.0028 3.1748 5.0850 3.1391 4.9303 3.0496 5.0312 3.1742 4.9523 3.1770 5.0537 3.0252 4.9861 3.0171 4.8857 3.0648 5.0863 3.0458 4.9741 3.1864 5.0978 3.0581 5.0304 3.1925 5.1236 3.1111 4.9508 3.0012 
dot 15 5.0897 3.0387 4.9330 3.1801 4.9076 3.1605 4.9571 2.9883 5.1130 3.0621 4.9400 3.1884 5.1307 3.1348 4.8719 3.0448 4.8895 3.0000 5.1337 3.1359 5.0693 3.0125 5.0724 3.2348 4.8968 3.1613 4.9610 2.9597 4.9069 3.1754 5.1384 3.1118 4.8934 3.1629 5.0066 3.2309 5.0616 2.9989 5.1338 3.0805 
dot 15 4.8965 3.1723 4.8975 3.1846 5.1275 3.0467 5.0725 2.9886 4.9851 3.2746 4.9881 3.2835 5.1034 3.2504 5.1003 3.2564 4.9326 2.9173 4.9363 3.2460 
clear
gstate $g
if {[check_session]} return
translate 0 90
scale 0.03
text 15 0 0 {META RECORDED DIRECTIONAL }
text 15 0 -100 TARGET=1E-06
text 15 0 -200 BEST=6.979E-05
text 15 0 -300 GENERATION=29
text 15 0 -500 PARENTS=-9266128936674546510708803659540666989570440318463045266854634092789923316019634195319186364987354661410697604753167801167177259691798259274535313963828899395054512892298208739898816592182784001477532694415068917387837429455519744.00
gstate $h
dot 15 5.0065 3.1025 5.0028 3.0926 4.9941 3.1035 4.9927 3.1037 5.0040 3.0879 5.0072 3.0866 4.9933 3.0883 5.0172 3.1128 4.9718 3.0912 5.0077 3.1309 5.0273 3.1162 4.9819 3.1225 5.0170 3.0757 4.9709 3.1100 5.0172 3.0735 5.0322 3.0941 4.9771 3.1239 5.0266 3.0599 5.0228 3.0538 4.9665 3.1358 
dot 15 4.9656 3.1311 4.9733 3.1509 5.0395 3.0702 5.0332 3.0517 4.9628 3.0752 5.0348 3.0515 4.9608 3.0780 4.9569 3.0891 4.9766 3.0545 5.0377 3.0455 5.0372 3.1345 5.0599 3.0681 5.0191 3.0393 4.9444 3.1425 5.0514 3.1022 4.9353 3.1229 5.0593 3.0952 5.0602 3.0565 4.9400 3.1031 4.9306 3.1328 
dot 15 4.9271 3.1190 4.9316 3.1364 4.9503 3.0757 4.9385 3.1467 4.9225 3.1219 4.9212 3.1205 4.9950 3.1665 4.9336 3.1444 5.0797 3.0915 4.9241 3.1316 4.9230 3.1308 4.9283 3.1395 4.9246 3.1371 5.0775 3.1079 4.9351 3.1505 5.0760 3.1197 5.0383 3.0274 4.9081 3.0549 5.1071 3.1275 4.9544 3.1755 
dot 15 4.9356 3.0400 4.9961 3.0126 5.0948 3.0540 4.9743 3.0152 5.1060 3.1689 5.1213 3.1016 4.9579 2.9997 4.9902 3.1976 4.9403 3.1847 4.9547 2.9921 
clear
gstate $g
if {[check_session]} return
translate 0 90
scale 0.03
text 15 0 0 {META RECORDED DIRECTIONAL }
text 15 0 -100 TARGET=1E-06
text 15 0 -200 BEST=2.817E-06
text 15 0 -300 GENERATION=30
text 15 0 -500 PARENTS=-9266128936674546510708803659540666989570440318463045266854634092789923316019634195319186364987354661410697604753167801167177259691798259274535313963828899395054512892298208739898816592182784001477532694415068917387837429455519744.00
gstate $h
dot 15 4.9996 3.1012 4.9988 3.1025 5.0065 3.1025 5.0028 3.0926 5.0031 3.0913 5.0039 3.0922 4.9941 3.1035 4.9951 3.1059 5.0063 3.0951 5.0063 3.0941 4.9930 3.1039 4.9927 3.1037 5.0070 3.1059 5.0053 3.0895 5.0046 3.0890 5.0040 3.0879 4.9906 3.1105 5.0072 3.0866 5.0067 3.0862 4.9886 3.1119 
dot 15 4.9933 3.0883 5.0069 3.1122 5.0057 3.1130 5.0066 3.1128 4.9886 3.1133 4.9866 3.0874 5.0172 3.1128 4.9900 3.1160 5.0207 3.1137 5.0044 3.1212 4.9797 3.0781 4.9881 3.1186 5.0115 3.1254 5.0047 3.1243 4.9922 3.1213 4.9718 3.0912 5.0077 3.1309 5.0273 3.1162 4.9775 3.1145 4.9904 3.1246 
dot 15 5.0159 3.0775 5.0070 3.1385 4.9824 3.1220 5.0104 3.0718 4.9844 3.1240 4.9681 3.0956 4.9819 3.1225 4.9677 3.0909 5.0146 3.0736 5.0170 3.0757 5.0173 3.0759 5.0160 3.0744 4.9709 3.1100 5.0163 3.0734 5.0178 3.0742 5.0172 3.0735 5.0177 3.0734 4.9834 3.1284 5.0322 3.0941 4.9757 3.1208 
dot 15 5.0032 3.1446 4.9803 3.1287 4.9771 3.1239 5.0192 3.0697 5.0195 3.0673 4.9777 3.1268 5.0207 3.0679 5.0288 3.1286 5.0218 3.0654 5.0225 3.0660 
clear
gstate $g
if {[check_session]} return
translate 0 90
scale 0.03
text 15 0 0 {META RECORDED DIRECTIONAL }
text 15 0 -100 TARGET=1E-06
text 15 0 -200 BEST=2.817E-06
text 15 0 -300 GENERATION=31
text 15 0 -500 PARENTS=-9266128936674546510708803659540666989570440318463045266854634092789923316019634195319186364987354661410697604753167801167177259691798259274535313963828899395054512892298208739898816592182784001477532694415068917387837429455519744.00
gstate $h
dot 15 4.9996 3.1012 4.9983 3.1000 4.9988 3.1025 5.0002 3.1025 4.9976 3.1003 4.9972 3.1009 4.9973 3.1005 4.9960 3.1003 5.0042 3.1048 5.0022 3.1055 4.9980 3.0944 4.9992 3.0932 4.9936 3.0977 5.0031 3.0952 5.0065 3.1025 5.0066 3.0999 5.0005 3.0910 4.9975 3.1079 5.0028 3.0926 5.0019 3.0913 
dot 15 5.0027 3.0922 5.0031 3.0913 5.0039 3.0922 4.9941 3.1035 4.9951 3.1059 5.0026 3.0900 4.9939 3.1047 5.0059 3.0947 5.0063 3.0951 5.0052 3.1077 4.9996 3.0897 5.0063 3.0941 4.9930 3.1039 4.9932 3.1064 4.9927 3.1037 5.0070 3.1059 5.0068 3.1062 4.9926 3.1053 5.0053 3.0895 5.0066 3.0902 
dot 15 4.9918 3.1072 5.0015 3.0887 5.0046 3.0890 5.0010 3.0887 4.9998 3.1113 5.0086 3.0980 4.9912 3.1010 5.0040 3.0881 5.0061 3.0887 5.0105 3.0922 4.9901 3.1035 5.0040 3.0879 4.9896 3.1036 5.0098 3.0898 4.9906 3.1105 5.0054 3.0876 4.9880 3.1086 5.0116 3.0994 5.0053 3.0866 5.0033 3.1122 
dot 15 5.0157 3.0967 4.9892 3.1112 5.0060 3.0867 5.0144 3.0922 4.9871 3.1098 5.0070 3.1101 4.9902 3.1122 5.0072 3.0866 4.9827 3.1034 5.0058 3.0861 
clear
gstate $g
if {[check_session]} return
translate 0 90
scale 0.03
text 15 0 0 {META RECORDED DIRECTIONAL }
text 15 0 -100 TARGET=1E-06
text 15 0 -200 BEST=1.884E-06
text 15 0 -300 GENERATION=32
text 15 0 -500 PARENTS=-9266128936674546510708803659540666989570440318463045266854634092789923316019634195319186364987354661410697604753167801167177259691798259274535313963828899395054512892298208739898816592182784001477532694415068917387837429455519744.00
gstate $h
dot 15 4.9988 3.1001 4.9996 3.1012 5.0004 3.0985 5.0001 3.0980 5.0010 3.0978 4.9983 3.1000 5.0010 3.0976 5.0005 3.0975 4.9988 3.1025 4.9982 3.1023 5.0002 3.1025 4.9976 3.1003 4.9972 3.1009 4.9976 3.1001 4.9973 3.1005 5.0030 3.0988 4.9968 3.1003 4.9966 3.1012 5.0036 3.1001 4.9960 3.1003 
dot 15 4.9987 3.0971 5.0037 3.1021 4.9957 3.1009 4.9992 3.0967 5.0035 3.1030 4.9976 3.0968 5.0020 3.0965 4.9960 3.0966 4.9974 3.0965 4.9971 3.0962 4.9973 3.0958 4.9968 3.0954 4.9959 3.0957 5.0030 3.1051 5.0029 3.1052 4.9967 3.0948 5.0025 3.0961 5.0042 3.1048 5.0022 3.1055 4.9991 3.0950 
dot 15 4.9980 3.0944 5.0000 3.1051 4.9974 3.1042 4.9944 3.1010 5.0015 3.1063 4.9960 3.1034 5.0035 3.1062 4.9946 3.1016 5.0008 3.0948 4.9943 3.0965 4.9998 3.0941 4.9992 3.0932 5.0017 3.1071 5.0010 3.0942 4.9998 3.0928 4.9986 3.0923 5.0017 3.0944 4.9936 3.0977 5.0002 3.0926 5.0031 3.0952 
dot 15 5.0018 3.1078 5.0004 3.0925 5.0002 3.0923 4.9978 3.1056 5.0020 3.0943 4.9945 3.1024 5.0065 3.1025 5.0003 3.0918 5.0021 3.0937 5.0066 3.0999 
gstate $g
if {[check_session]} return
