notice "Spiral with uniform start"
set g [gstate]
scale 2.500 2.500
translate 20.000 20.000
set h [gstate]
clear
gstate $g
if {[check_session]} return
translate 0 90
scale 0.03
text 15 0 0 {META RECORDED DIRECTIONAL }
text 15 0 -100 TARGET=1E-06
text 15 0 -200 BEST=0.8992
text 15 0 -300 GENERATION=0
text 15 0 -500 PARENTS=-9266128936674546510708803659540666989570440318463045266854634092789923316019634195319186364987354661410697604753167801167177259691798259274535313963828899395054512892298208739898816592182784001477532694415068917387837429455519744.00
gstate $h
dot 15 5.7112 4.1769 7.5843 3.2547 5.8236 7.4030 5.7324 4.3440 10.0490 -2.1518 9.2369 -1.7796 3.3060 -1.1890 10.5153 -2.1773 -5.3682 2.9950 10.6420 -1.1928 -6.6521 -0.6201 -6.8163 -4.7560 -6.6037 -5.1595 -0.7763 7.2107 3.3619 7.6552 2.3741 -0.1908 3.6407 9.0419 -3.0655 -13.6567 12.6388 19.7713 3.4067 -19.5417 
dot 15 17.4632 8.0723 9.5142 -2.9269 -5.0233 -11.7539 -2.1645 8.0782 -5.7307 -10.7141 3.6378 -2.0295 15.8038 11.2632 16.9730 14.2782 16.0273 16.7243 -4.3582 -9.2485 -7.4970 -6.6124 -4.7286 -13.1496 13.9608 3.1613 14.5916 14.2238 15.1919 12.0425 17.7188 4.9241 13.8301 15.5693 18.1316 6.5365 1.6172 4.7368 1.2056 6.0683 
dot 15 13.1420 16.4917 -3.7208 -8.9911 9.3568 4.2077 -7.9063 2.2408 -3.7159 -8.1890 13.8687 13.9657 -2.6197 -16.9084 7.3071 -18.7762 5.5835 -4.0656 8.7627 7.2266 11.2916 18.3764 10.2986 2.0774 3.5153 -16.5681 -8.8241 -5.0773 18.7260 5.7634 11.0768 2.7197 19.0043 7.3851 13.4111 13.8511 1.2946 -14.5529 -1.7972 -10.8952 
dot 15 -9.0086 -0.7432 16.5457 18.6032 13.7156 6.8548 11.2185 -19.6513 -2.8713 -8.6076 -10.2090 3.0072 -7.8425 19.8577 -19.9693 -11.9902 18.8767 -11.6129 16.5774 -14.2497 
clear
gstate $g
if {[check_session]} return
translate 0 90
scale 0.03
text 15 0 0 {META RECORDED DIRECTIONAL }
text 15 0 -100 TARGET=1E-06
text 15 0 -200 BEST=0.1909
text 15 0 -300 GENERATION=1
text 15 0 -500 PARENTS=-9266128936674546510708803659540666989570440318463045266854634092789923316019634195319186364987354661410697604753167801167177259691798259274535313963828899395054512892298208739898816592182784001477532694415068917387837429455519744.00
gstate $h
dot 15 5.3598 3.2635 4.3375 3.1625 5.7112 4.1769 3.0714 2.5144 7.5843 3.2547 6.9628 5.8698 7.7937 3.9991 5.8236 7.4030 5.7324 4.3440 7.8264 3.7008 5.1542 7.5567 4.0940 8.1241 4.4946 -1.7615 2.0306 8.4294 3.9189 8.0050 -0.2967 7.9426 10.0490 -2.1518 -0.8509 7.5247 9.2369 -1.7796 3.8288 0.1946 
dot 15 7.6169 2.5367 6.2899 1.3812 14.6501 1.3461 -1.9132 6.8064 13.8141 0.9973 3.3060 -1.1890 10.5153 -2.1773 -5.3682 2.9950 10.6420 -1.1928 -6.6521 -0.6201 -6.8163 -4.7560 -6.6741 -2.4076 -6.6037 -5.1595 -0.7763 7.2107 -6.0746 -7.9064 3.3619 7.6552 2.3741 -0.1908 3.6407 9.0419 -3.0655 -13.6567 -7.0989 -0.3035 
dot 15 -1.5053 6.6851 12.6388 19.7713 8.2383 -1.4944 4.9440 8.7250 7.9146 -21.1720 12.5942 0.3623 -6.0934 -5.6529 14.8285 3.1731 3.4067 -19.5417 13.6455 -0.6073 8.3657 4.6802 -1.8205 -14.0579 11.9075 0.0756 7.5079 1.7845 11.1115 20.9311 4.0334 27.3451 1.5361 1.7039 4.7720 6.4167 6.6479 -3.1821 4.4206 -20.5399 
dot 15 6.2407 -0.7030 10.4983 -2.8211 6.7770 0.9662 5.8982 0.2105 -4.7309 -8.3080 11.2611 0.1637 10.6246 -2.9652 8.5898 5.4962 1.4833 0.3918 7.4668 0.9415 
clear
gstate $g
if {[check_session]} return
translate 0 90
scale 0.03
text 15 0 0 {META RECORDED DIRECTIONAL }
text 15 0 -100 TARGET=1E-06
text 15 0 -200 BEST=0.1909
text 15 0 -300 GENERATION=2
text 15 0 -500 PARENTS=-9266128936674546510708803659540666989570440318463045266854634092789923316019634195319186364987354661410697604753167801167177259691798259274535313963828899395054512892298208739898816592182784001477532694415068917387837429455519744.00
gstate $h
dot 15 5.3598 3.2635 4.3959 2.7275 4.3375 3.1625 3.6361 3.5349 7.3432 3.3612 3.9775 2.6848 5.7112 4.1769 2.3692 2.1567 3.3324 4.2419 3.0714 2.5144 7.5843 3.2547 6.7359 3.4864 6.9628 5.8698 6.2870 6.8158 7.7937 3.9991 5.8236 7.4030 5.7324 4.3440 7.8264 3.7008 5.1542 7.5567 4.0940 8.1241 
dot 15 2.7076 -0.1211 4.4946 -1.7615 2.0306 8.4294 3.9189 8.0050 2.2991 8.6459 1.9128 8.2550 -0.2967 7.9426 0.2828 8.3768 5.6219 -2.3379 1.7228 8.7770 10.0490 -2.1518 6.9603 6.9637 -0.8509 7.5247 9.2369 -1.7796 3.8288 0.1946 -3.0585 6.5458 2.1938 8.9179 1.2459 7.9713 5.5618 6.6547 5.1562 6.9074 
dot 15 6.1051 -2.7001 8.1702 4.1406 4.6194 -0.3611 7.7347 6.2414 -6.6658 1.5680 5.5626 6.1064 -1.7525 6.3861 8.2236 -1.3444 8.4914 -3.0682 4.5074 -2.3925 4.9619 0.7381 11.8588 -1.9728 5.0277 6.1912 3.1351 4.9986 14.3350 2.7638 14.1550 2.4876 -7.4833 28.6391 0.1091 9.0937 4.2911 9.1783 4.3400 6.6870 
dot 15 5.3653 0.4250 8.4572 3.4868 -2.2181 5.7005 4.5423 6.1271 5.5382 -0.0054 11.6920 0.2089 1.8438 0.0189 10.1517 -2.9557 15.2644 0.7837 -3.7843 3.7652 
clear
gstate $g
if {[check_session]} return
translate 0 90
scale 0.03
text 15 0 0 {META RECORDED DIRECTIONAL }
text 15 0 -100 TARGET=1E-06
text 15 0 -200 BEST=0.1909
text 15 0 -300 GENERATION=3
text 15 0 -500 PARENTS=-9266128936674546510708803659540666989570440318463045266854634092789923316019634195319186364987354661410697604753167801167177259691798259274535313963828899395054512892298208739898816592182784001477532694415068917387837429455519744.00
gstate $h
dot 15 5.3598 3.2635 4.3959 2.7275 4.3375 3.1625 5.5620 2.6476 5.5405 2.3439 5.6239 2.6388 5.8292 2.5876 3.6338 3.7131 6.7173 2.3307 3.6361 3.5349 4.0061 3.3484 7.0100 2.6092 6.9541 2.5077 7.1356 3.2342 7.3432 3.3612 3.9775 2.6848 7.2246 2.7782 7.1450 3.5876 5.7112 4.1769 2.3692 2.1567 
dot 15 3.3324 4.2419 7.4487 5.0263 2.5241 1.2158 3.0714 2.5144 7.5843 3.2547 6.7359 3.4864 6.9628 5.8698 6.9147 6.1892 6.1129 3.7593 6.4192 3.4198 6.2870 6.8158 7.7937 3.9991 5.8236 7.4030 5.7324 4.3440 2.3702 3.1881 6.7266 5.7032 4.2728 -1.0047 7.8264 3.7008 5.1542 7.5567 4.0940 8.1241 
dot 15 3.7015 -0.0916 3.6262 0.1870 5.9357 -1.7143 6.7262 7.1853 5.0318 -2.1596 1.7399 8.7979 4.0952 7.7502 8.7440 -1.8903 8.0553 4.5117 6.8592 1.6758 -4.7035 4.3215 7.8394 5.6364 3.6933 1.4498 7.8443 2.7888 9.8277 -1.4327 5.0497 -0.8397 9.5099 -2.6144 -6.6820 -4.3643 6.2558 -2.7484 16.6133 8.1013 
dot 15 2.4375 3.9643 4.9990 1.0875 -5.2344 4.5035 4.6742 -0.3860 5.8594 -2.7607 5.7957 5.7353 3.2675 -1.5196 -7.4073 -4.7569 4.9120 0.6713 -0.7032 6.8672 
clear
gstate $g
if {[check_session]} return
translate 0 90
scale 0.03
text 15 0 0 {META RECORDED DIRECTIONAL }
text 15 0 -100 TARGET=1E-06
text 15 0 -200 BEST=0.1909
text 15 0 -300 GENERATION=4
text 15 0 -500 PARENTS=-9266128936674546510708803659540666989570440318463045266854634092789923316019634195319186364987354661410697604753167801167177259691798259274535313963828899395054512892298208739898816592182784001477532694415068917387837429455519744.00
gstate $h
dot 15 5.3598 3.2635 4.8774 2.7280 5.0135 2.6850 4.5775 2.6518 5.3009 3.6539 5.4223 3.7000 4.3959 2.7275 4.8919 2.5275 5.1199 2.5583 4.3756 2.6131 4.3142 2.7941 4.3375 3.1625 5.2596 2.2301 4.6132 3.7676 5.5620 2.6476 4.1936 2.8851 5.5400 1.9060 5.5405 2.3439 5.6239 2.6388 4.3297 2.3408 
dot 15 5.5225 1.8150 4.2397 3.5578 5.8292 2.5876 3.6338 3.7131 6.7173 2.3307 6.3416 2.5979 4.0209 3.1820 5.9746 2.9071 3.6361 3.5349 3.0061 3.5421 4.0061 3.3484 7.0100 2.6092 6.9541 2.5077 6.0475 2.7930 7.1356 3.2342 3.9113 3.2572 3.6703 3.4005 7.3432 3.3612 6.0415 3.3806 3.9775 2.6848 
dot 15 7.2246 2.7782 7.1450 3.5876 7.2887 2.8912 7.3452 4.0023 3.3113 3.1068 3.7909 2.9745 5.7112 4.1769 2.3692 2.1567 3.5970 2.8114 6.2960 3.4912 7.0019 6.2187 4.2698 1.9025 6.4079 6.6409 7.7659 3.6602 3.8651 2.3331 3.7322 -0.4672 7.7799 3.6099 3.5338 2.3604 6.4794 5.9989 6.7799 4.5011 
dot 15 4.5109 4.8465 3.5321 8.6002 4.5237 -0.8981 4.3063 -0.6714 2.8516 8.7537 9.3129 -2.2702 3.3938 1.6462 9.1914 -2.3437 3.7091 1.8872 10.8795 -1.2914 
clear
gstate $g
if {[check_session]} return
translate 0 90
scale 0.03
text 15 0 0 {META RECORDED DIRECTIONAL }
text 15 0 -100 TARGET=1E-06
text 15 0 -200 BEST=0.02556
text 15 0 -300 GENERATION=5
text 15 0 -500 PARENTS=-9266128936674546510708803659540666989570440318463045266854634092789923316019634195319186364987354661410697604753167801167177259691798259274535313963828899395054512892298208739898816592182784001477532694415068917387837429455519744.00
gstate $h
dot 15 5.0973 3.0294 5.1389 2.9003 4.9101 2.8525 5.4453 3.0753 5.3598 3.2635 4.4785 3.1350 4.8774 2.7280 5.0135 2.6850 4.5775 2.6518 5.3009 3.6539 5.4223 3.7000 4.6907 2.4496 4.3959 2.7275 4.3910 2.6941 4.8919 2.5275 5.0947 3.7261 4.7519 2.2644 5.1199 2.5583 4.3756 2.6131 4.3142 2.7941 
dot 15 4.3375 3.1625 4.9415 3.7388 4.3071 2.7696 4.9151 4.1307 4.9332 2.0757 5.2596 2.2301 5.7200 3.0497 4.2450 2.9964 5.3742 1.9638 4.6132 3.7676 5.5620 2.6476 5.5082 2.2252 4.4505 4.2340 4.1936 2.8851 5.5400 1.9060 5.5405 2.3439 5.5322 2.4862 4.4135 3.8923 5.6239 2.6388 4.3743 2.3283 
dot 15 4.9766 1.9095 4.1733 2.8494 5.5835 2.5499 5.7773 1.9456 4.1793 2.7530 4.0860 3.9876 3.9428 4.0464 4.3584 2.3027 4.3297 2.3408 4.3597 2.2700 4.7420 4.4236 6.3177 2.0873 4.2408 2.3302 6.0056 2.5806 3.1352 3.6720 6.0744 2.5944 4.9624 1.7602 5.6895 4.0167 5.7209 3.9898 5.4784 1.6691 
dot 15 4.4606 2.0181 7.2563 3.4003 7.1094 2.6670 3.2508 4.0245 6.0425 1.7173 7.4347 3.8619 3.9137 2.8194 4.5353 1.8572 3.8769 2.7830 5.7515 1.5878 
clear
gstate $g
if {[check_session]} return
translate 0 90
scale 0.03
text 15 0 0 {META RECORDED DIRECTIONAL }
text 15 0 -100 TARGET=1E-06
text 15 0 -200 BEST=0.02556
text 15 0 -300 GENERATION=6
text 15 0 -500 PARENTS=-9266128936674546510708803659540666989570440318463045266854634092789923316019634195319186364987354661410697604753167801167177259691798259274535313963828899395054512892298208739898816592182784001477532694415068917387837429455519744.00
gstate $h
dot 15 5.0973 3.0294 5.1389 2.9003 4.7331 3.2631 4.9101 2.8525 5.1512 3.3117 4.7315 3.3262 5.2465 3.1433 5.0626 3.3763 4.7706 2.9534 4.9938 2.7837 5.4453 3.0753 5.2933 3.2766 5.3270 2.8343 5.3598 3.2635 4.4785 3.1350 4.8384 3.4893 4.8774 2.7280 5.0135 2.6850 4.7762 2.7238 4.5775 2.6518 
dot 15 4.5477 3.3689 5.3009 3.6539 4.4555 3.2517 5.4223 3.7000 5.5451 2.9324 4.6907 2.4496 4.3959 2.7275 5.6296 3.1233 4.7268 3.5329 5.0517 2.5883 4.3910 2.6941 4.8919 2.5275 5.0947 3.7261 5.5150 3.7146 4.7519 2.2644 5.1199 2.5583 5.0510 2.5288 4.3929 2.5899 4.3756 2.6131 4.3142 2.7941 
dot 15 4.3175 2.7409 4.4401 2.4350 4.8714 4.0821 5.0067 4.1712 4.7208 3.8537 5.4619 2.6092 5.3090 1.9966 5.2075 1.9390 5.5127 2.1699 4.3794 2.3808 5.7562 2.8410 4.1229 4.2385 5.3733 4.1719 4.5788 4.4007 5.1940 1.7925 4.2590 2.3519 4.1329 2.6271 4.3464 4.4368 4.0793 2.8976 3.3408 3.8570 
dot 15 5.7834 3.8474 5.9488 2.8061 4.0381 2.8256 2.9568 3.2512 3.7503 4.3103 6.2998 2.6564 6.7688 2.9237 6.8768 3.0191 3.8946 3.3722 5.5412 4.2250 
clear
gstate $g
if {[check_session]} return
translate 0 90
scale 0.03
text 15 0 0 {META RECORDED DIRECTIONAL }
text 15 0 -100 TARGET=1E-06
text 15 0 -200 BEST=0.00136
text 15 0 -300 GENERATION=7
text 15 0 -500 PARENTS=-9266128936674546510708803659540666989570440318463045266854634092789923316019634195319186364987354661410697604753167801167177259691798259274535313963828899395054512892298208739898816592182784001477532694415068917387837429455519744.00
gstate $h
dot 15 5.0134 3.1343 5.0973 3.0294 4.9327 2.9163 5.1638 3.1223 5.1389 2.9003 5.1322 2.8541 4.9574 3.3629 4.8007 3.3087 5.1226 3.3059 4.7842 3.1348 4.7601 3.3087 4.7331 3.2631 4.7898 3.3443 4.9101 2.8525 5.0737 2.8021 4.7251 3.1432 5.1512 3.3117 4.7315 3.3262 5.2465 3.1433 5.0626 3.3763 
dot 15 5.2371 2.8416 5.2569 3.1411 5.2027 3.2736 4.6305 3.2306 4.7706 2.9534 4.9938 2.7837 5.4104 2.9779 5.2541 3.2607 5.4453 3.0753 5.4266 2.9955 4.6128 3.2813 5.2721 3.2678 5.4587 3.1510 5.2933 3.2766 5.3270 2.8343 5.3598 3.2635 4.5185 2.9893 4.6470 3.3580 5.2253 2.7607 5.1506 3.4128 
dot 15 4.8120 2.8044 5.1676 3.4087 5.3172 3.3293 4.4883 2.9517 4.5538 2.8204 4.4785 3.1350 5.3097 3.4039 5.1731 3.4441 4.8384 3.4893 4.8774 2.7280 4.9247 2.7098 5.0135 2.6850 4.7762 2.7238 4.5775 2.6518 4.4177 2.9181 5.3057 2.7377 5.1864 3.5222 5.4865 2.8874 4.8836 2.6679 4.7611 3.5153 
dot 15 4.3874 2.9473 5.5758 3.5109 4.5742 3.4346 5.3914 3.7725 4.5919 3.4526 4.7929 2.3843 4.8793 2.5253 4.8858 2.5147 4.4997 3.3933 5.5037 2.7969 
clear
gstate $g
if {[check_session]} return
translate 0 90
scale 0.03
text 15 0 0 {META RECORDED DIRECTIONAL }
text 15 0 -100 TARGET=1E-06
text 15 0 -200 BEST=0.00136
text 15 0 -300 GENERATION=8
text 15 0 -500 PARENTS=-9266128936674546510708803659540666989570440318463045266854634092789923316019634195319186364987354661410697604753167801167177259691798259274535313963828899395054512892298208739898816592182784001477532694415068917387837429455519744.00
gstate $h
dot 15 5.0134 3.1343 4.9737 3.1360 4.9908 3.0186 4.9473 3.1834 5.1306 3.1061 4.9833 3.2053 5.0588 3.0078 5.0495 3.2370 5.0973 3.0294 4.9327 2.9163 5.1561 3.0925 5.0938 2.9776 5.1638 3.1223 4.9190 3.2688 4.9321 3.3207 4.9611 2.8735 5.1389 2.9003 4.8166 3.2845 5.1322 2.8541 4.9574 3.3629 
dot 15 4.8690 3.3522 4.8007 3.3087 5.1975 3.1661 4.7959 3.0595 5.0771 2.8273 5.1226 3.3059 4.7640 3.2254 4.7899 3.3261 4.7842 3.1348 4.7463 3.2722 4.7601 3.3087 4.7331 3.2631 5.2454 3.0181 4.7640 3.1532 4.7898 3.3443 4.9101 2.8525 5.2477 3.0395 4.8054 3.3597 4.7214 3.2879 5.2918 2.9211 
dot 15 4.8887 2.8608 4.7385 3.1464 4.6912 3.1990 4.7556 3.3374 5.0737 2.8021 4.7399 3.3273 4.6812 3.2032 4.7797 3.3571 4.7251 3.1432 4.7826 3.3596 5.1512 3.3117 4.7315 3.3262 5.2465 3.1433 5.0626 3.3763 4.8138 3.3814 4.6662 3.1503 4.8194 3.3893 4.9132 3.4091 4.6688 3.1011 4.6696 3.0760 
dot 15 4.6050 3.2249 4.7276 2.9764 4.5998 3.2414 4.5576 3.0691 4.9879 2.7559 4.6364 2.9570 4.6597 3.3575 4.9133 2.7589 4.5391 3.2455 5.3683 3.3445 
clear
gstate $g
if {[check_session]} return
translate 0 90
scale 0.03
text 15 0 0 {META RECORDED DIRECTIONAL }
text 15 0 -100 TARGET=1E-06
text 15 0 -200 BEST=0.0006873
text 15 0 -300 GENERATION=9
text 15 0 -500 PARENTS=-9266128936674546510708803659540666989570440318463045266854634092789923316019634195319186364987354661410697604753167801167177259691798259274535313963828899395054512892298208739898816592182784001477532694415068917387837429455519744.00
gstate $h
dot 15 4.9893 3.0827 5.0269 3.1025 5.0134 3.1343 4.9737 3.1360 4.9380 3.1123 4.9318 3.1250 4.9490 3.0810 4.9672 3.1637 4.9849 3.1679 5.0348 3.0290 5.0590 3.1460 4.9835 3.1767 4.9178 3.1442 5.0226 3.1717 5.0996 3.1407 5.0828 3.1597 4.9908 3.0186 5.0011 3.1827 4.9094 3.0327 4.9217 3.1615 
dot 15 5.0884 3.1767 4.9046 3.1445 4.9473 3.1834 4.9574 3.1942 5.1186 3.0734 5.1242 3.0842 5.1092 3.0533 5.1306 3.1061 4.9833 3.2053 5.0588 3.0078 5.0495 3.2370 5.0973 3.0294 5.1220 3.0617 5.1157 3.2073 4.9567 3.2072 5.1042 3.0331 4.8844 3.1544 4.9376 2.9422 4.9449 2.9383 5.1353 3.0810 
dot 15 4.9982 2.9572 4.9050 2.9588 4.9782 3.2384 5.1337 3.0612 4.9616 3.2356 5.1495 3.1116 5.1339 3.0581 5.1373 3.0608 4.9051 2.9410 5.0198 3.2928 4.8697 3.1560 4.9402 3.2348 5.0577 3.2883 4.9327 2.9163 5.1417 3.2022 5.0280 2.9066 5.0669 2.9655 5.1561 3.0925 5.0661 2.9461 5.0938 2.9776 
dot 15 5.1638 3.1223 5.0712 2.9090 4.9190 3.2688 4.9653 3.3222 5.1028 2.9701 4.8977 3.2326 4.9321 3.3207 4.9899 2.8724 5.1734 3.1311 4.9611 2.8735 
clear
gstate $g
if {[check_session]} return
translate 0 90
scale 0.03
text 15 0 0 {META RECORDED DIRECTIONAL }
text 15 0 -100 TARGET=1E-06
text 15 0 -200 BEST=0.0002602
text 15 0 -300 GENERATION=10
text 15 0 -500 PARENTS=-9266128936674546510708803659540666989570440318463045266854634092789923316019634195319186364987354661410697604753167801167177259691798259274535313963828899395054512892298208739898816592182784001477532694415068917387837429455519744.00
gstate $h
dot 15 5.0033 3.0865 5.0012 3.1132 4.9882 3.1151 5.0091 3.1151 4.9790 3.1062 4.9893 3.0827 5.0086 3.1233 5.0269 3.1025 4.9818 3.1151 5.0152 3.1286 4.9846 3.0710 5.0290 3.1094 5.0134 3.1343 5.0012 3.0630 5.0026 3.0609 4.9877 3.1287 4.9854 3.1379 4.9760 3.1253 5.0080 3.0530 5.0052 3.0514 
dot 15 5.0161 3.1426 4.9737 3.1360 5.0112 3.0497 5.0382 3.0996 5.0061 3.1512 4.9642 3.1426 5.0003 3.1529 5.0100 3.0458 4.9595 3.1287 4.9597 3.1438 5.0186 3.0447 5.0389 3.0528 4.9597 3.1476 4.9518 3.1459 4.9415 3.1273 5.0639 3.0714 4.9521 3.0835 4.9420 3.1105 5.0412 3.1324 4.9380 3.1123 
dot 15 4.9324 3.1218 4.9318 3.1250 4.9438 3.1014 5.0670 3.0909 4.9851 3.1645 4.9490 3.0810 4.9540 3.0686 4.9244 3.1194 5.0736 3.0715 4.9672 3.1637 5.0172 3.1594 4.9217 3.1069 4.9849 3.1679 5.0655 3.0518 4.9164 3.0971 4.9134 3.1045 4.9313 3.1488 4.9376 3.1544 4.9135 3.1239 4.9653 3.0444 
dot 15 4.9325 3.1521 5.0456 3.1494 5.0348 3.0290 4.9259 3.0703 4.9229 3.0710 4.9832 3.1747 4.9018 3.0799 5.0590 3.1460 4.9835 3.1767 4.9178 3.1442 
clear
gstate $g
if {[check_session]} return
translate 0 90
scale 0.03
text 15 0 0 {META RECORDED DIRECTIONAL }
text 15 0 -100 TARGET=1E-06
text 15 0 -200 BEST=0.0001232
text 15 0 -300 GENERATION=11
text 15 0 -500 PARENTS=-9266128936674546510708803659540666989570440318463045266854634092789923316019634195319186364987354661410697604753167801167177259691798259274535313963828899395054512892298208739898816592182784001477532694415068917387837429455519744.00
gstate $h
dot 15 4.9935 3.0939 5.0033 3.0865 5.0012 3.1132 5.0207 3.0952 4.9882 3.1151 5.0091 3.1151 4.9790 3.1062 5.0064 3.1165 4.9893 3.0827 4.9782 3.0851 4.9765 3.0869 4.9749 3.0885 4.9879 3.0755 4.9876 3.0752 5.0086 3.1233 5.0269 3.1025 4.9949 3.0768 4.9818 3.1151 4.9742 3.0842 5.0178 3.1267 
dot 15 4.9838 3.1173 4.9946 3.0742 4.9728 3.1011 5.0152 3.1286 5.0017 3.1244 4.9867 3.0708 4.9846 3.0710 5.0290 3.1094 5.0107 3.1327 4.9739 3.0793 4.9705 3.0986 4.9973 3.0663 4.9791 3.0713 5.0134 3.1343 4.9716 3.0820 4.9698 3.0890 4.9831 3.1204 5.0012 3.0630 4.9789 3.0682 5.0026 3.0609 
dot 15 5.0033 3.0600 4.9729 3.0747 4.9991 3.0588 4.9877 3.1287 4.9895 3.1340 4.9963 3.0577 4.9888 3.0586 4.9854 3.1379 4.9760 3.1253 5.0080 3.0530 4.9756 3.0653 4.9673 3.0780 5.0212 3.0593 5.0052 3.0514 4.9769 3.1471 4.9688 3.1374 5.0017 3.0487 4.9717 3.0657 4.9617 3.1025 4.9621 3.0827 
dot 15 5.0296 3.0498 4.9592 3.1096 5.0427 3.0704 4.9575 3.0935 4.9569 3.0910 4.9563 3.1038 4.9539 3.1248 4.9528 3.1264 4.9554 3.1087 5.0484 3.0776 
clear
gstate $g
if {[check_session]} return
translate 0 90
scale 0.03
text 15 0 0 {META RECORDED DIRECTIONAL }
text 15 0 -100 TARGET=1E-06
text 15 0 -200 BEST=0.0001232
text 15 0 -300 GENERATION=12
text 15 0 -500 PARENTS=-9266128936674546510708803659540666989570440318463045266854634092789923316019634195319186364987354661410697604753167801167177259691798259274535313963828899395054512892298208739898816592182784001477532694415068917387837429455519744.00
gstate $h
dot 15 4.9935 3.0939 5.0033 3.0865 5.0012 3.1132 4.9831 3.1023 4.9968 3.1145 5.0177 3.1092 5.0171 3.1095 5.0207 3.0952 4.9788 3.1044 4.9956 3.0840 4.9882 3.1151 5.0087 3.1152 5.0091 3.1151 4.9790 3.1062 5.0236 3.1054 5.0064 3.1165 4.9785 3.1064 4.9893 3.0827 4.9782 3.0851 4.9765 3.0869 
dot 15 4.9761 3.0870 4.9745 3.0943 4.9752 3.0883 4.9749 3.0885 5.0125 3.0821 4.9879 3.0755 4.9876 3.0752 5.0086 3.1233 5.0269 3.1025 4.9736 3.0879 4.9949 3.0768 4.9818 3.1151 4.9727 3.0902 4.9742 3.0842 5.0113 3.1279 4.9985 3.1229 5.0178 3.1267 4.9750 3.1071 5.0279 3.1025 4.9845 3.0707 
dot 15 5.0282 3.1101 4.9941 3.0697 4.9960 3.0700 4.9706 3.0939 4.9833 3.0688 4.9709 3.1002 4.9713 3.1021 4.9955 3.0662 4.9904 3.0645 4.9697 3.1001 4.9804 3.1194 4.9685 3.0942 5.0307 3.1153 4.9679 3.0955 4.9752 3.1155 5.0143 3.0737 4.9672 3.0956 5.0027 3.0562 4.9656 3.0982 4.9652 3.0977 
dot 15 4.9656 3.0862 4.9639 3.0937 4.9655 3.0815 4.9652 3.1063 4.9754 3.1305 4.9633 3.0998 4.9742 3.1388 5.0332 3.1241 5.0313 3.0808 4.9740 3.0647 
clear
gstate $g
if {[check_session]} return
translate 0 90
scale 0.03
text 15 0 0 {META RECORDED DIRECTIONAL }
text 15 0 -100 TARGET=1E-06
text 15 0 -200 BEST=4.82E-05
text 15 0 -300 GENERATION=13
text 15 0 -500 PARENTS=-9266128936674546510708803659540666989570440318463045266854634092789923316019634195319186364987354661410697604753167801167177259691798259274535313963828899395054512892298208739898816592182784001477532694415068917387837429455519744.00
gstate $h
dot 15 4.9982 3.0937 4.9935 3.0939 5.0109 3.0939 4.9860 3.1067 5.0033 3.0865 5.0012 3.1132 4.9831 3.1023 4.9968 3.1145 4.9812 3.1019 4.9963 3.0860 5.0110 3.1101 4.9834 3.1096 4.9807 3.0925 5.0177 3.1092 5.0171 3.1095 5.0169 3.1098 5.0180 3.1098 5.0145 3.1110 5.0207 3.0952 5.0211 3.1083 
dot 15 5.0133 3.1119 5.0107 3.1129 5.0093 3.1137 5.0080 3.1144 4.9788 3.1044 4.9956 3.0840 5.0120 3.1134 5.0110 3.1137 5.0141 3.1135 4.9882 3.1151 5.0090 3.1149 5.0101 3.1147 5.0113 3.1144 5.0087 3.1152 5.0091 3.1151 4.9790 3.1062 4.9770 3.0923 5.0228 3.1090 5.0236 3.1054 5.0064 3.1165 
dot 15 4.9785 3.1064 5.0063 3.1177 4.9893 3.0827 4.9782 3.0851 4.9815 3.0812 4.9765 3.0869 5.0035 3.1189 4.9908 3.0814 5.0255 3.1071 4.9959 3.1194 5.0270 3.1009 5.0061 3.1246 5.0275 3.1012 4.9729 3.1016 4.9927 3.0719 4.9974 3.1240 5.0286 3.1021 5.0289 3.1030 5.0005 3.1300 4.9932 3.1258 
dot 15 4.9787 3.0712 5.0286 3.0953 5.0297 3.0987 4.9958 3.1290 5.0000 3.1353 5.0305 3.1010 5.0020 3.1379 4.9824 3.1220 5.0313 3.1004 5.0081 3.0648 
clear
gstate $g
if {[check_session]} return
translate 0 90
scale 0.03
text 15 0 0 {META RECORDED DIRECTIONAL }
text 15 0 -100 TARGET=1E-06
text 15 0 -200 BEST=4.459E-06
text 15 0 -300 GENERATION=14
text 15 0 -500 PARENTS=-9266128936674546510708803659540666989570440318463045266854634092789923316019634195319186364987354661410697604753167801167177259691798259274535313963828899395054512892298208739898816592182784001477532694415068917387837429455519744.00
gstate $h
dot 15 5.0004 3.0979 4.9991 3.0974 4.9982 3.0937 5.0013 3.1063 5.0013 3.0918 4.9948 3.1095 4.9950 3.0920 4.9945 3.0925 4.9935 3.0939 4.9918 3.0984 4.9995 3.1114 5.0077 3.0903 5.0015 3.1114 5.0109 3.0939 5.0059 3.0880 5.0109 3.0972 4.9874 3.1079 4.9891 3.1102 4.9890 3.0981 4.9860 3.1067 
dot 15 4.9983 3.1133 5.0033 3.0865 5.0068 3.1098 5.0099 3.1061 5.0012 3.1132 5.0165 3.0965 4.9844 3.1066 4.9831 3.1023 4.9968 3.1145 4.9820 3.1029 4.9816 3.1008 4.9812 3.1019 4.9953 3.1149 4.9808 3.0995 5.0166 3.1047 4.9920 3.1145 4.9855 3.0937 4.9827 3.0949 4.9963 3.0860 4.9804 3.0977 
dot 15 4.9829 3.1081 4.9842 3.0934 5.0205 3.1020 5.0110 3.1101 5.0172 3.1080 4.9834 3.1096 5.0193 3.1074 4.9807 3.0925 5.0171 3.0907 5.0177 3.1092 5.0171 3.1095 5.0169 3.1098 5.0185 3.1094 5.0049 3.1149 5.0180 3.1098 5.0178 3.1101 5.0194 3.1094 5.0184 3.1103 5.0145 3.1110 5.0201 3.1091 
dot 15 5.0183 3.1106 5.0116 3.1121 5.0181 3.1109 5.0207 3.0952 5.0211 3.1083 5.0194 3.0923 5.0100 3.1135 4.9826 3.1103 5.0205 3.1103 5.0179 3.1123 
clear
gstate $g
if {[check_session]} return
translate 0 90
scale 0.03
text 15 0 0 {META RECORDED DIRECTIONAL }
text 15 0 -100 TARGET=1E-06
text 15 0 -200 BEST=4.459E-06
text 15 0 -300 GENERATION=15
text 15 0 -500 PARENTS=-9266128936674546510708803659540666989570440318463045266854634092789923316019634195319186364987354661410697604753167801167177259691798259274535313963828899395054512892298208739898816592182784001477532694415068917387837429455519744.00
gstate $h
dot 15 5.0004 3.0979 4.9987 3.0984 5.0014 3.0975 4.9991 3.0974 4.9970 3.0979 5.0014 3.1029 4.9972 3.0971 4.9997 3.0953 4.9943 3.1001 5.0035 3.1060 4.9982 3.0937 5.0013 3.1063 5.0036 3.0962 5.0006 3.0937 4.9947 3.1025 4.9973 3.0926 5.0019 3.0945 5.0013 3.1079 4.9994 3.1079 5.0022 3.0939 
dot 15 5.0013 3.0918 4.9951 3.0937 4.9952 3.1047 5.0056 3.0964 5.0063 3.0971 5.0034 3.0909 4.9964 3.1093 5.0049 3.0934 4.9949 3.1073 4.9924 3.0998 5.0078 3.1005 4.9923 3.0973 4.9948 3.1095 4.9950 3.0920 4.9945 3.0925 4.9935 3.0939 5.0070 3.0942 4.9937 3.1095 5.0073 3.0928 4.9918 3.0984 
dot 15 4.9953 3.0912 5.0055 3.1081 4.9915 3.1074 4.9918 3.0963 4.9937 3.1104 4.9918 3.0963 4.9995 3.1114 5.0077 3.0903 4.9913 3.1026 5.0097 3.0924 5.0093 3.0952 5.0083 3.0902 5.0087 3.0903 5.0054 3.0885 5.0048 3.0882 5.0015 3.1114 5.0109 3.0939 5.0090 3.0895 5.0059 3.0880 5.0109 3.0972 
dot 15 4.9903 3.1105 5.0105 3.1012 4.9874 3.1079 4.9886 3.1096 4.9862 3.1044 4.9867 3.1033 5.0135 3.0930 4.9864 3.1034 4.9891 3.1102 4.9890 3.0981 
clear
gstate $g
if {[check_session]} return
translate 0 90
scale 0.03
text 15 0 0 {META RECORDED DIRECTIONAL }
text 15 0 -100 TARGET=1E-06
text 15 0 -200 BEST=1.518E-06
text 15 0 -300 GENERATION=16
text 15 0 -500 PARENTS=-9266128936674546510708803659540666989570440318463045266854634092789923316019634195319186364987354661410697604753167801167177259691798259274535313963828899395054512892298208739898816592182784001477532694415068917387837429455519744.00
gstate $h
dot 15 5.0007 3.1010 5.0007 3.0992 5.0012 3.1003 5.0003 3.1015 5.0012 3.0994 5.0007 3.0982 5.0004 3.0979 4.9986 3.1013 5.0008 3.1020 4.9987 3.0984 5.0015 3.0979 4.9981 3.1017 4.9997 3.1024 4.9978 3.1015 5.0023 3.0985 5.0008 3.0975 5.0023 3.0984 5.0001 3.0975 5.0014 3.0975 4.9976 3.0994 
dot 15 5.0015 3.0973 5.0025 3.1007 4.9965 3.1006 4.9991 3.0974 5.0030 3.0978 4.9978 3.0978 5.0043 3.0993 4.9970 3.0979 5.0014 3.1029 5.0018 3.0968 5.0020 3.1027 4.9953 3.1000 4.9954 3.0984 4.9972 3.0971 4.9974 3.0971 4.9970 3.0970 5.0029 3.0970 5.0037 3.1033 5.0004 3.0962 4.9957 3.0969 
dot 15 4.9986 3.0963 4.9986 3.0962 4.9946 3.0988 4.9962 3.0956 5.0027 3.1045 5.0006 3.1043 5.0008 3.0958 4.9985 3.0955 4.9973 3.0950 4.9962 3.0952 4.9997 3.0953 4.9943 3.1001 5.0020 3.0957 5.0035 3.1060 4.9982 3.0937 5.0013 3.1063 5.0036 3.0962 5.0010 3.1066 4.9991 3.0933 5.0008 3.0944 
dot 15 5.0030 3.0955 5.0008 3.1074 5.0003 3.0934 5.0006 3.0937 4.9947 3.1025 4.9988 3.0923 4.9973 3.0926 5.0019 3.0945 5.0036 3.0957 5.0013 3.1079 
gstate $g
if {[check_session]} return
