notice "Spiral problem, tight start"
set g [gstate]
scale 2.500 2.500
translate 20.000 20.000
set h [gstate]
clear
gstate $g
if {[check_session]} return
translate 0 90
scale 0.03
text 15 0 0 {META RECORDED DIRECTIONAL }
text 15 0 -100 TARGET=1E-06
text 15 0 -200 BEST=1
text 15 0 -300 GENERATION=0
text 15 0 -500 PARENTS=-9266128936674546510708803659540666989570440318463045266854634092789923316019634195319186364987354661410697604753167801167177259691798259274535313963828899395054512892298208739898816592182784001477532694415068917387837429455519744.00
gstate $h
dot 15 18.6745 15.6256 18.7803 15.5348 18.5031 15.5233 18.6773 15.5266 18.6601 15.6573 18.6531 15.5095 18.7698 15.5307 18.7047 15.6795 18.7961 15.6852 18.5036 15.5079 18.6122 15.6358 18.7097 15.6688 18.5131 15.5466 18.6388 15.5590 18.5484 15.6843 18.7295 15.5995 18.6937 15.5847 18.6267 15.5118 18.5057 15.6885 18.6853 15.5231 
dot 15 18.5523 15.5600 18.6009 15.5556 18.7945 15.6708 18.6679 15.6441 18.5220 15.6925 18.5320 15.5908 18.6148 15.5381 18.6689 15.6606 18.5767 15.6731 18.7625 15.6465 18.7501 15.5078 18.7632 15.5099 18.6484 15.6183 18.7295 15.5788 18.6383 15.5998 18.7901 15.6339 18.5420 15.6172 18.5328 15.5718 18.5181 15.5305 18.6440 15.5396 
dot 15 18.5102 15.6605 18.5765 15.5095 18.7440 15.6024 18.5807 15.6535 18.7650 15.6385 18.7601 15.6066 18.7634 15.6194 18.5117 15.5391 18.6259 15.5238 18.7999 15.5373 18.6766 15.6236 18.5453 15.5964 18.5221 15.6993 18.6802 15.5840 18.5639 15.5177 18.5255 15.5456 18.5079 15.6155 18.6373 15.5223 18.6667 15.5252 18.5295 15.6231 
dot 15 18.5082 15.6305 18.7537 15.6803 18.7938 15.5587 18.6669 15.6204 18.6062 15.5106 18.5110 15.6410 18.7003 15.6962 18.5631 15.5855 18.6059 15.6637 18.6669 15.5542 
clear
gstate $g
if {[check_session]} return
translate 0 90
scale 0.03
text 15 0 0 {META RECORDED DIRECTIONAL }
text 15 0 -100 TARGET=1E-06
text 15 0 -200 BEST=1
text 15 0 -300 GENERATION=1
text 15 0 -500 PARENTS=-9266128936674546510708803659540666989570440318463045266854634092789923316019634195319186364987354661410697604753167801167177259691798259274535313963828899395054512892298208739898816592182784001477532694415068917387837429455519744.00
gstate $h
dot 15 18.6895 15.6386 18.8162 15.5183 18.5264 15.5573 18.6819 15.5908 18.7013 15.5668 18.6554 15.4883 18.8099 15.5742 18.7391 15.7144 18.8157 15.6553 18.4558 15.5044 18.5930 15.6722 18.6990 15.7019 18.5164 15.4748 18.6567 15.5114 18.6191 15.7175 18.7581 15.6286 18.6917 15.5844 18.6239 15.5445 18.5411 15.7255 18.6899 15.5485 
dot 15 18.7104 15.5986 18.7673 15.5376 18.4669 15.5457 18.7169 15.5789 18.7047 15.6539 18.6530 15.5182 18.7305 15.5108 18.6487 15.6807 18.8002 15.6612 18.5353 15.4776 18.5289 15.7098 18.7330 15.6802 18.4312 15.5459 18.6294 15.5078 18.5424 15.7111 18.7105 15.6630 18.6880 15.5871 18.6706 15.4329 18.4973 15.7335 18.6481 15.4783 
dot 15 18.6616 15.6122 18.7471 15.5104 18.4846 15.5373 18.6499 15.4787 18.6527 15.6908 18.6284 15.4894 18.7745 15.5416 18.7125 15.6588 18.7235 15.7708 18.4742 15.5010 18.6512 15.6375 18.7023 15.5971 18.4877 15.5446 18.5746 15.6026 18.5432 15.6549 18.7675 15.5235 18.6761 15.5988 18.6020 15.4958 18.4976 15.6756 18.7132 15.4947 
dot 15 18.7055 15.6571 18.8079 15.5481 18.5198 15.4490 18.6871 15.5428 18.7098 15.6519 18.6002 15.4642 18.7588 15.5972 18.6762 15.7230 18.7529 15.6846 18.5336 15.4844 
clear
gstate $g
if {[check_session]} return
translate 0 90
scale 0.03
text 15 0 0 {META RECORDED DIRECTIONAL }
text 15 0 -100 TARGET=1E-06
text 15 0 -200 BEST=1
text 15 0 -300 GENERATION=2
text 15 0 -500 PARENTS=-9266128936674546510708803659540666989570440318463045266854634092789923316019634195319186364987354661410697604753167801167177259691798259274535313963828899395054512892298208739898816592182784001477532694415068917387837429455519744.00
gstate $h
dot 15 18.7145 15.6457 18.8652 15.4953 18.4866 15.7760 18.6715 15.5998 18.7379 15.6598 18.4249 15.5205 18.7844 15.5462 18.8569 15.8261 18.9026 15.6402 18.4510 15.5034 18.6997 15.6425 18.3995 15.8134 18.7348 15.2221 18.7444 15.5471 18.6363 15.6185 18.7250 15.5070 18.6675 15.5750 18.6648 15.5843 18.6802 15.7855 18.7178 15.4511 
dot 15 18.7144 15.6411 18.9162 15.4503 18.6086 15.6610 18.6892 15.7063 18.7562 15.3856 18.6328 15.4593 18.8301 15.5968 18.7429 15.6890 18.9390 15.6034 18.4367 15.5032 18.5642 15.6652 18.6515 15.7080 18.3173 15.4773 18.6622 15.5740 18.7057 15.6955 18.7901 15.6009 18.6846 15.5770 18.6621 15.5223 18.5900 15.8166 18.5987 15.5497 
dot 15 18.7079 15.6534 18.7603 15.5643 18.4249 15.6131 18.6835 15.7665 18.7226 15.6339 18.5927 15.4021 18.8888 15.6594 18.6275 15.6144 18.7842 15.6974 18.3967 15.4894 18.5970 15.7817 18.6794 15.8068 18.6925 15.6225 18.4308 15.5027 18.6637 15.7780 18.9014 15.8312 18.6471 15.6093 18.5885 15.5190 18.6155 15.7527 18.8146 15.4866 
dot 15 18.7032 15.6579 18.8575 15.5005 18.4702 15.6727 18.6541 15.7164 18.6166 15.5901 18.8633 15.3493 18.8513 15.6182 18.7526 15.6766 18.7599 15.7428 18.3677 15.4999 
clear
gstate $g
if {[check_session]} return
translate 0 90
scale 0.03
text 15 0 0 {META RECORDED DIRECTIONAL }
text 15 0 -100 TARGET=1E-06
text 15 0 -200 BEST=1
text 15 0 -300 GENERATION=3
text 15 0 -500 PARENTS=-9266128936674546510708803659540666989570440318463045266854634092789923316019634195319186364987354661410697604753167801167177259691798259274535313963828899395054512892298208739898816592182784001477532694415068917387837429455519744.00
gstate $h
dot 15 17.5635 15.8091 17.4588 16.1338 17.5816 16.4380 17.9546 15.6157 18.1095 15.3084 18.2983 14.7648 18.3943 14.6211 18.8065 16.0457 18.1210 15.8111 18.4441 15.5009 18.9731 15.1745 18.5670 15.9192 18.8534 15.5315 18.5949 15.6478 18.6610 15.3651 18.7437 15.4189 18.7470 15.5042 18.7309 15.6755 18.7812 15.7571 18.6682 15.5028 
dot 15 18.7302 15.6474 18.6681 15.5718 18.5591 15.3711 18.6580 15.6125 18.8051 15.7260 18.4434 16.0106 18.7347 15.4915 18.9694 15.4475 18.9323 15.6608 18.4415 15.5029 19.5489 16.0733 18.6678 15.6151 18.6764 15.7838 18.7429 15.3370 18.6568 15.5409 18.6908 15.5214 18.8471 15.5086 18.5835 15.7113 18.7561 15.8183 18.8045 15.2463 
dot 15 18.7258 15.6486 18.9297 15.4581 18.4689 15.2700 18.6948 15.6395 18.8461 15.9114 18.9477 15.6977 18.7138 15.4692 19.1478 15.9410 18.5686 15.3196 18.4437 15.4973 18.9897 16.1250 18.1214 16.1196 18.4243 14.8093 18.9839 15.7385 18.6802 15.4794 18.3198 15.7819 18.6610 15.6168 18.6520 15.2297 18.9225 15.8901 18.7010 15.5324 
dot 15 18.7030 15.6427 18.9006 15.4775 18.7364 15.6508 18.6491 15.5681 18.8974 15.8869 18.6469 15.5193 18.7420 15.5005 19.0370 15.8095 18.7659 16.1057 18.4454 15.5065 
clear
gstate $g
if {[check_session]} return
translate 0 90
scale 0.03
text 15 0 0 {META RECORDED DIRECTIONAL }
text 15 0 -100 TARGET=1E-06
text 15 0 -200 BEST=0.9961
text 15 0 -300 GENERATION=4
text 15 0 -500 PARENTS=-9266128936674546510708803659540666989570440318463045266854634092789923316019634195319186364987354661410697604753167801167177259691798259274535313963828899395054512892298208739898816592182784001477532694415068917387837429455519744.00
gstate $h
dot 15 15.8395 14.8120 15.6458 16.0427 16.7587 13.4345 16.3656 14.8496 15.6740 16.4522 17.3101 11.3405 15.8009 16.3797 16.8932 13.6587 17.5388 12.1259 17.4140 13.4796 16.7050 15.6317 16.2872 16.5948 17.4479 13.6705 16.5524 16.1610 16.6199 16.0128 16.6158 16.1208 16.5298 16.3547 16.5331 16.4420 16.1888 17.2147 17.2128 14.8413 
dot 15 16.6910 16.3392 17.0602 15.6448 17.8557 13.2528 17.7319 13.8232 17.5713 14.4158 14.9002 19.9289 17.0940 16.0020 17.3903 15.2577 16.8557 16.5846 17.8173 14.0858 17.6754 14.6596 18.1748 12.9466 17.2433 15.9200 18.1066 13.3327 16.7683 17.0247 17.1449 16.1986 18.1398 13.2921 17.3022 15.8857 17.5768 15.2901 17.2333 16.2154 
dot 15 15.5363 19.3996 17.6426 15.2208 17.3071 16.1556 17.2787 16.2452 17.5106 15.6941 17.5644 15.6263 17.4973 15.9366 17.5574 15.8166 17.5588 15.8136 17.5635 15.8091 18.4346 13.0321 17.4417 16.1521 17.4588 16.1338 17.4173 16.3300 17.8385 15.5635 17.5665 16.2715 17.6516 16.1006 18.0327 15.1201 17.5816 16.4380 17.7396 16.0893 
dot 15 18.0892 15.2179 17.9546 15.6157 18.5407 13.8580 18.1095 15.3084 18.2983 14.7648 18.3943 14.6211 18.2093 15.1763 17.9871 15.7974 18.8689 15.9383 18.7008 16.4034 
clear
gstate $g
if {[check_session]} return
translate 0 90
scale 0.03
text 15 0 0 {META RECORDED DIRECTIONAL }
text 15 0 -100 TARGET=1E-06
text 15 0 -200 BEST=0.9953
text 15 0 -300 GENERATION=5
text 15 0 -500 PARENTS=-9266128936674546510708803659540666989570440318463045266854634092789923316019634195319186364987354661410697604753167801167177259691798259274535313963828899395054512892298208739898816592182784001477532694415068917387837429455519744.00
gstate $h
dot 15 16.6674 11.8460 16.9637 10.4895 15.8395 14.8120 16.9278 11.3479 15.6294 15.1213 15.4139 15.6114 15.8125 15.1743 15.3981 16.0390 15.0163 16.7165 14.9319 16.5885 15.1218 16.6025 15.0919 16.6907 14.8906 16.5747 14.9085 17.0198 14.5400 17.3163 14.2586 17.8220 14.8230 17.2422 15.1129 16.7491 14.8065 16.6103 14.5089 17.1100 
dot 15 15.2127 16.6929 15.1451 16.8228 14.3275 18.2146 15.2040 16.7588 14.9169 16.1331 13.6696 19.2707 15.2600 15.2866 14.5594 16.8018 15.6458 16.0427 15.3999 16.5559 15.5905 16.2468 15.3420 16.7451 15.4848 16.4706 17.2164 11.0312 14.4711 16.8023 14.2189 17.2401 16.3585 9.2860 15.6203 16.3226 16.0068 12.4631 14.4210 16.8133 
dot 15 14.2000 17.2189 16.7587 13.4345 15.4634 16.6888 13.5256 19.7509 15.4748 16.6882 15.8820 15.9027 15.3853 14.4102 15.5809 13.7900 15.8499 12.8005 16.2210 8.0523 15.7665 16.2488 16.3656 14.8496 15.6373 16.5219 15.6740 16.4522 15.5186 16.7784 15.8712 6.0455 17.3101 11.3405 16.3592 14.9069 14.3538 18.7706 15.3165 14.4316 
dot 15 15.5519 16.7664 15.7906 16.3082 13.9687 17.3138 15.8787 16.1659 15.5482 16.8554 15.9289 16.0933 13.7758 17.5642 15.8009 16.3797 14.4386 16.3387 14.1429 16.8606 
clear
gstate $g
if {[check_session]} return
translate 0 90
scale 0.03
text 15 0 0 {META RECORDED DIRECTIONAL }
text 15 0 -100 TARGET=1E-06
text 15 0 -200 BEST=0.9945
text 15 0 -300 GENERATION=6
text 15 0 -500 PARENTS=-9266128936674546510708803659540666989570440318463045266854634092789923316019634195319186364987354661410697604753167801167177259691798259274535313963828899395054512892298208739898816592182784001477532694415068917387837429455519744.00
gstate $h
dot 15 16.7663 8.4696 16.9820 9.8050 16.6775 11.3883 17.0573 9.3931 16.6674 11.8460 16.9637 10.4895 16.5289 11.7400 16.5181 12.7015 15.8395 14.8120 16.9278 11.3479 15.6294 15.1213 16.2325 13.9675 15.4139 15.6114 16.8975 11.6415 14.9881 16.5508 15.8125 15.1743 15.3981 16.0390 15.0163 16.7165 14.9319 16.5885 14.7392 17.1761 
dot 15 15.1218 16.6025 15.0919 16.6907 14.8906 16.5747 14.9085 17.0198 14.5400 17.3163 15.6918 14.5245 14.5966 17.1749 15.1647 16.6034 14.3514 17.6491 14.2586 17.8220 14.6860 16.9335 14.8230 17.2422 15.1129 16.7491 14.7716 16.7238 14.8065 16.6103 16.9193 5.7469 14.4774 17.2129 14.5089 17.1100 15.2630 16.6209 14.7023 16.6190 
dot 15 17.3022 8.8102 14.4219 17.0556 16.0848 12.5270 14.9681 15.9017 15.4179 16.5444 15.1645 17.1055 14.5016 16.7506 14.8545 17.6860 15.2793 16.9452 14.2267 17.2195 13.9953 17.6173 15.7766 15.9730 14.3791 16.9098 13.9426 17.6430 15.6296 16.3892 14.9339 15.6022 14.3948 16.7258 14.2186 17.0406 13.8827 17.5757 13.8161 17.6873 
dot 15 14.2957 16.8301 15.4268 16.9288 15.5629 16.7199 15.2490 14.6133 15.0619 15.0780 13.6139 17.8221 13.3626 18.2153 15.2519 17.4559 14.9889 15.0776 16.0624 10.8273 
clear
gstate $g
if {[check_session]} return
translate 0 90
scale 0.03
text 15 0 0 {META RECORDED DIRECTIONAL }
text 15 0 -100 TARGET=1E-06
text 15 0 -200 BEST=0.9932
text 15 0 -300 GENERATION=7
text 15 0 -500 PARENTS=-9266128936674546510708803659540666989570440318463045266854634092789923316019634195319186364987354661410697604753167801167177259691798259274535313963828899395054512892298208739898816592182784001477532694415068917387837429455519744.00
gstate $h
dot 15 16.6207 6.2940 16.3451 5.7026 16.3159 5.7015 16.4961 6.4032 16.8094 7.8797 16.7514 7.7000 16.8378 8.2110 16.7663 8.4696 16.8941 9.4549 16.6978 8.0327 16.7560 8.7273 16.9838 9.4290 16.7967 9.9464 16.3515 6.2397 16.8302 10.6770 16.9820 9.8050 16.6345 7.9311 17.0646 8.1575 16.6775 11.3883 17.0573 9.3931 
dot 15 16.6674 11.8460 16.6593 10.8548 16.9637 10.4895 16.7042 11.9499 16.6050 11.0543 16.6603 12.1688 16.5289 11.7400 16.5181 12.7015 17.1030 9.6591 16.0709 13.9507 15.8395 14.8120 16.9278 11.3479 15.7518 15.0427 16.5541 12.9788 15.6294 15.1213 16.2325 13.9675 15.6029 15.3507 17.0589 6.9107 15.6020 15.4894 15.4139 15.6114 
dot 15 16.8975 11.6415 15.3521 15.6552 15.5758 15.0142 14.9881 16.5508 15.8125 15.1743 15.3981 16.0390 16.1150 14.4544 15.1682 16.0483 15.0163 16.7165 15.0467 16.6772 14.9319 16.5885 14.8674 16.9826 14.7392 17.1761 14.9293 16.5619 14.9003 16.6271 14.8907 16.5701 15.0951 16.7589 15.2651 16.4531 14.8663 16.5285 16.9767 11.6004 
dot 15 14.7974 16.6306 15.6893 14.4076 15.0349 16.1060 15.2042 15.6595 16.4811 8.4710 16.3051 11.6837 15.2658 16.6399 16.3601 3.7250 15.8387 13.5895 15.7383 15.8518 
clear
gstate $g
if {[check_session]} return
translate 0 90
scale 0.03
text 15 0 0 {META RECORDED DIRECTIONAL }
text 15 0 -100 TARGET=1E-06
text 15 0 -200 BEST=0.9911
text 15 0 -300 GENERATION=8
text 15 0 -500 PARENTS=-9266128936674546510708803659540666989570440318463045266854634092789923316019634195319186364987354661410697604753167801167177259691798259274535313963828899395054512892298208739898816592182784001477532694415068917387837429455519744.00
gstate $h
dot 15 14.7838 2.0975 15.2997 2.9906 15.6486 2.9808 16.2329 4.7067 16.1034 4.8037 16.2440 5.1909 16.6207 6.2940 15.8923 4.4017 16.3451 5.7026 16.7530 6.9185 16.2567 5.4436 16.6938 7.0482 16.7521 6.3508 16.3159 5.7015 16.4911 6.3448 16.4961 6.4032 16.7645 6.2477 16.8094 7.8797 16.7514 7.7000 16.4994 6.5096 
dot 15 16.7767 7.9361 16.8378 8.2110 16.7894 8.1274 16.6986 7.5925 16.9128 8.6153 16.7076 7.7392 16.6966 7.6764 16.8898 8.7991 16.8751 8.9255 16.9435 7.4645 16.9225 8.9203 16.9085 9.0074 16.7663 8.4696 16.9271 7.0622 16.8941 9.4549 16.6573 7.6828 16.6978 8.0327 16.7560 8.7273 16.9105 9.8516 16.9838 9.4290 
dot 15 16.7967 9.9464 16.4855 6.8248 15.6207 2.5373 16.3515 6.2397 16.8302 10.6770 16.9820 9.8050 17.0245 7.6356 17.0167 9.5493 17.0191 9.5255 16.6345 7.9311 16.9412 10.2851 16.6967 8.7030 16.5450 7.3098 16.9997 7.1747 17.0646 8.1575 16.6775 11.3883 16.6659 8.4626 16.7047 9.3169 17.0573 9.3931 16.3715 4.2262 
dot 15 16.6764 8.7145 16.6968 9.4988 16.6316 5.0548 16.6630 8.7482 15.9906 5.1287 16.6644 5.1457 15.4485 2.1442 17.0274 7.1162 13.9713 0.1177 16.9827 10.6438 
clear
gstate $g
if {[check_session]} return
translate 0 90
scale 0.03
text 15 0 0 {META RECORDED DIRECTIONAL }
text 15 0 -100 TARGET=1E-06
text 15 0 -200 BEST=0.989
text 15 0 -300 GENERATION=9
text 15 0 -500 PARENTS=-9266128936674546510708803659540666989570440318463045266854634092789923316019634195319186364987354661410697604753167801167177259691798259274535313963828899395054512892298208739898816592182784001477532694415068917387837429455519744.00
gstate $h
dot 15 14.1882 1.0818 14.2715 1.0440 14.0269 0.6255 14.5834 1.5401 13.2390 0.2938 14.7051 1.5520 14.6992 1.8964 15.2315 2.6041 14.7207 1.4646 14.9813 2.3121 15.3441 2.5894 15.3414 2.8485 14.7838 2.0975 15.2506 2.7852 15.6684 3.2879 15.8657 3.8412 15.2997 2.9906 16.0132 4.2814 15.6486 2.9808 16.2329 4.7067 
dot 15 15.9567 4.3752 16.1023 4.7377 16.1364 4.8445 16.0088 4.5716 16.4864 5.6146 16.1034 4.8037 15.5494 3.5837 16.5007 5.6229 16.2440 5.1909 16.2997 5.3541 16.2977 4.5453 16.5798 6.0292 16.4808 5.9477 16.6207 6.2940 14.3081 0.6734 15.8923 4.4017 16.6830 6.4797 15.7255 2.9522 16.7184 6.6598 16.7137 6.3307 
dot 15 16.5852 5.5168 16.3451 5.7026 16.7544 6.7633 16.7530 6.9185 16.5764 5.4491 15.6759 3.9565 16.6853 6.9048 16.2567 5.4436 16.6640 6.8599 16.3943 5.9101 16.6938 7.0482 16.6718 7.0037 15.8909 4.4791 16.7521 6.3508 16.3159 5.7015 16.4911 6.3448 16.4450 4.8052 16.3816 5.9649 16.4961 6.4032 16.6412 7.0673 
dot 15 16.7724 6.3083 16.7645 6.2477 16.5283 6.5809 16.8560 7.0247 16.8094 7.8797 16.7514 7.7000 16.4994 6.5096 16.6461 5.5382 16.5043 6.5435 16.8724 8.3181 
clear
gstate $g
if {[check_session]} return
translate 0 90
scale 0.03
text 15 0 0 {META RECORDED DIRECTIONAL }
text 15 0 -100 TARGET=1E-06
text 15 0 -200 BEST=0.9245
text 15 0 -300 GENERATION=10
text 15 0 -500 PARENTS=-9266128936674546510708803659540666989570440318463045266854634092789923316019634195319186364987354661410697604753167801167177259691798259274535313963828899395054512892298208739898816592182784001477532694415068917387837429455519744.00
gstate $h
dot 15 2.7487 0.4851 13.7191 0.5100 13.8009 0.4244 14.1882 1.0818 14.2715 1.0440 14.1682 1.0996 14.0269 0.6255 14.5834 1.5401 14.2298 0.8759 14.6639 1.5989 14.5513 1.5826 14.0616 1.0716 13.2390 0.2938 14.5880 1.6574 14.6187 1.6919 14.6382 1.7168 14.7051 1.5520 14.4359 1.5556 14.6992 1.8964 14.6366 1.8296 
dot 15 15.2315 2.6041 14.6481 1.8618 14.7207 1.4646 14.9813 2.3121 15.3441 2.5894 13.9405 0.3940 15.3414 2.8485 14.1185 0.5960 15.5451 3.0764 14.7838 2.0975 15.1245 2.5808 15.2077 2.7180 15.2506 2.7852 15.6684 3.2879 14.5497 1.8317 15.8657 3.8412 15.0570 1.8929 6.2097 -2.6454 15.2997 2.9906 16.0132 4.2814 
dot 15 15.6486 2.9808 15.5514 2.7594 16.1827 4.6562 16.2329 4.7067 15.1811 2.8460 16.2151 4.4554 13.9077 0.2499 15.4404 2.4667 14.5843 1.0391 15.7996 4.2190 16.0978 4.9694 14.8500 1.3859 10.6892 -2.1459 12.6159 -0.0120 16.5497 6.6439 16.5133 6.5167 15.5213 3.7124 14.2149 0.5017 16.2891 5.7378 14.2103 1.6343 
dot 15 16.4813 6.7507 13.7535 1.1461 14.4098 0.6661 15.3916 2.0993 16.3613 6.3435 16.5286 4.7235 15.5155 2.2403 15.3184 1.8401 16.1500 3.4367 14.8774 1.1503 
clear
gstate $g
if {[check_session]} return
translate 0 90
scale 0.03
text 15 0 0 {META RECORDED DIRECTIONAL }
text 15 0 -100 TARGET=1E-06
text 15 0 -200 BEST=0.9245
text 15 0 -300 GENERATION=11
text 15 0 -500 PARENTS=-9266128936674546510708803659540666989570440318463045266854634092789923316019634195319186364987354661410697604753167801167177259691798259274535313963828899395054512892298208739898816592182784001477532694415068917387837429455519744.00
gstate $h
dot 15 2.7487 0.4851 7.0152 5.9875 4.3125 -0.9674 2.1265 1.5435 12.9110 -0.3749 12.0067 -1.1808 12.8153 -0.1759 13.7191 0.5100 13.8396 0.5652 13.8127 0.6388 13.8009 0.4244 14.0942 0.9508 14.1882 1.0818 14.2715 1.0440 14.3386 1.2172 14.1682 1.0996 14.2071 1.1374 14.3438 1.1454 14.3991 1.2353 14.4150 1.3263 
dot 15 14.3821 1.3273 14.4905 1.3717 14.2647 1.2357 14.4965 1.3679 13.9658 0.9427 14.4476 1.2400 14.0269 0.6255 14.4635 1.4428 14.5680 1.4804 14.5834 1.5401 14.5137 1.5048 14.5942 1.5519 14.4585 1.4584 14.5389 1.3653 14.6340 1.5791 14.6425 1.5889 14.6199 1.5178 12.4725 -0.3172 14.6423 1.6237 14.6471 1.6374 
dot 15 14.2298 0.8759 14.5630 1.3906 14.5746 1.5942 14.6639 1.5989 14.5513 1.5826 14.0616 1.0716 14.6796 1.6032 14.6840 1.6132 14.6937 1.6396 14.5557 1.3568 14.4435 1.1702 14.2069 0.8288 13.2390 0.2938 14.5880 1.6574 14.1470 1.1787 14.6187 1.6919 14.7094 1.5976 14.6382 1.7168 14.6146 1.6942 14.6446 1.7362 
dot 15 14.7051 1.5520 14.6206 1.7319 14.6606 1.7831 14.1227 1.1780 14.4720 1.5689 13.8713 0.9233 14.6760 1.8308 14.5413 1.6726 14.5552 1.6920 14.4968 1.6263 
clear
gstate $g
if {[check_session]} return
translate 0 90
scale 0.03
text 15 0 0 {META RECORDED DIRECTIONAL }
text 15 0 -100 TARGET=1E-06
text 15 0 -200 BEST=0.8158
text 15 0 -300 GENERATION=12
text 15 0 -500 PARENTS=-9266128936674546510708803659540666989570440318463045266854634092789923316019634195319186364987354661410697604753167801167177259691798259274535313963828899395054512892298208739898816592182784001477532694415068917387837429455519744.00
gstate $h
dot 15 3.0695 3.6884 2.7487 0.4851 7.0152 5.9875 3.6363 2.7363 4.3125 -0.9674 2.1265 1.5435 4.7406 7.7243 3.4629 1.9568 10.4650 -1.7713 2.2921 8.1946 10.9010 -1.5661 10.7949 -1.6914 3.2732 8.0390 11.4668 -1.3499 11.8261 -1.0525 12.3501 -0.8139 11.5064 -1.4801 12.8837 -0.3677 12.9110 -0.3749 12.7310 -0.2937 
dot 15 11.9181 -1.2416 12.0067 -1.1808 13.4298 0.1320 12.8153 -0.1759 13.6104 0.3826 13.3126 -0.0593 13.6447 0.4210 13.6628 0.4386 13.2628 0.1733 13.6105 0.2922 13.7191 0.5100 13.7827 0.5943 13.8396 0.5652 13.8127 0.6388 13.8818 0.6599 13.8395 0.5347 13.6434 0.5309 13.9567 0.6907 13.8223 0.7217 13.8009 0.4244 
dot 15 13.9570 0.8447 14.0138 0.7078 14.0942 0.9508 14.0685 0.9351 13.1772 -0.2760 13.6714 0.6001 13.4065 0.3696 14.0532 0.9438 14.1815 1.0309 13.9700 0.6231 13.1277 -0.3320 12.2555 -0.4988 13.9227 0.8462 14.1882 1.0818 14.2400 1.0203 14.2720 1.1328 13.6230 0.5786 14.2231 0.9698 14.2715 1.0440 14.3131 1.1124 
dot 15 14.3386 1.2172 14.3444 1.2194 14.1682 1.0996 14.2071 1.1374 12.0347 -1.2407 14.3019 1.2220 14.3438 1.1454 12.2408 -1.0951 14.3991 1.2353 14.4150 1.3263 
clear
gstate $g
if {[check_session]} return
translate 0 90
scale 0.03
text 15 0 0 {META RECORDED DIRECTIONAL }
text 15 0 -100 TARGET=1E-06
text 15 0 -200 BEST=0.4649
text 15 0 -300 GENERATION=13
text 15 0 -500 PARENTS=-9266128936674546510708803659540666989570440318463045266854634092789923316019634195319186364987354661410697604753167801167177259691798259274535313963828899395054512892298208739898816592182784001477532694415068917387837429455519744.00
gstate $h
dot 15 5.0016 3.9913 4.8323 4.1422 3.0695 3.6884 3.1292 3.9201 4.3955 1.8853 2.7487 0.4851 7.0152 5.9875 2.5403 0.7115 3.6363 2.7363 6.8842 4.0441 4.3125 -0.9674 3.7397 2.2897 2.1265 1.5435 5.0323 4.7715 4.7406 7.7243 6.6650 4.1576 2.7906 8.5951 2.9715 8.6044 6.5323 4.1378 2.2013 8.6471 
dot 15 3.4629 1.9568 1.7221 8.2835 9.9154 -1.9655 4.5361 4.9040 9.3858 -2.2441 2.1868 8.7579 10.4650 -1.7713 2.2921 8.1946 10.4833 -1.6418 10.9010 -1.5661 -0.7369 7.9221 10.7949 -1.6914 10.1289 -2.0388 11.0270 -1.5350 3.2732 8.0390 3.8579 7.8684 11.4668 -1.3499 11.8261 -1.0525 9.8668 -1.7150 1.7260 8.1463 
dot 15 5.8777 6.5128 6.3868 5.6570 12.3501 -0.8139 9.9438 -1.6611 12.0932 -1.0645 12.5233 -0.7133 11.5064 -1.4801 11.9922 -1.1570 12.8837 -0.3677 12.4691 -0.4757 12.9110 -0.3749 13.1448 -0.0653 12.3536 -0.9003 12.7310 -0.2937 13.2381 0.0344 13.2888 0.0060 12.8284 -0.5322 11.8190 -1.3377 12.8773 -0.5255 11.1162 -1.1563 
dot 15 12.2695 -1.0582 12.5575 -0.2921 12.2667 -1.0718 13.4524 -0.0674 12.6849 -0.1345 12.1696 -0.4102 12.7393 -0.8403 2.0109 2.9220 11.6428 -1.6349 10.5029 -1.2224 
clear
gstate $g
if {[check_session]} return
translate 0 90
scale 0.03
text 15 0 0 {META RECORDED DIRECTIONAL }
text 15 0 -100 TARGET=1E-06
text 15 0 -200 BEST=0.02933
text 15 0 -300 GENERATION=14
text 15 0 -500 PARENTS=-9266128936674546510708803659540666989570440318463045266854634092789923316019634195319186364987354661410697604753167801167177259691798259274535313963828899395054512892298208739898816592182784001477532694415068917387837429455519744.00
gstate $h
dot 15 4.9321 2.9402 4.5628 2.4275 4.9080 2.3973 5.0016 3.9913 4.8323 4.1422 5.5375 3.9507 4.8001 1.9983 4.9329 4.3501 5.9873 3.0429 3.0695 3.6884 6.4902 2.7983 2.6958 2.9694 3.1292 3.9201 6.7947 3.1831 5.1735 1.6155 3.7781 4.4788 3.1181 4.0450 7.6298 4.1697 6.2448 3.3307 2.7221 0.8018 
dot 15 4.3955 1.8853 7.1688 5.5005 2.8742 1.7237 7.7044 4.0358 7.0470 4.1112 2.2992 2.3514 2.7487 0.4851 7.0152 5.9875 5.7583 4.2226 6.7529 6.4070 2.5403 0.7115 3.6363 2.7363 3.8015 2.4991 3.3324 2.6044 7.0197 6.3378 6.8842 4.0441 3.5106 2.6574 3.2823 2.3701 6.7864 1.8892 5.1887 7.8104 
dot 15 5.4198 7.4466 4.3125 -0.9674 4.6001 8.1278 4.4259 1.6832 3.7397 2.2897 6.5334 3.8714 6.5450 3.8814 2.1265 1.5435 5.0323 4.7715 6.7160 4.2278 4.7406 7.7243 6.6650 4.1576 3.2495 8.2756 2.7906 8.5951 2.9715 8.6044 6.5323 4.1378 1.9832 8.5796 2.2013 8.6471 3.3267 1.6585 2.3404 8.7177 
dot 15 3.4358 0.7437 4.9852 7.3963 6.5205 5.5475 5.1452 7.2776 6.3360 5.8929 2.3125 0.3920 2.8470 4.2130 0.8061 8.0251 12.4871 -0.7825 6.4892 5.0432 
clear
gstate $g
if {[check_session]} return
translate 0 90
scale 0.03
text 15 0 0 {META RECORDED DIRECTIONAL }
text 15 0 -100 TARGET=1E-06
text 15 0 -200 BEST=0.02112
text 15 0 -300 GENERATION=15
text 15 0 -500 PARENTS=-9266128936674546510708803659540666989570440318463045266854634092789923316019634195319186364987354661410697604753167801167177259691798259274535313963828899395054512892298208739898816592182784001477532694415068917387837429455519744.00
gstate $h
dot 15 4.9785 3.2012 4.9321 2.9402 4.7253 3.2562 5.3324 3.4041 4.7315 2.4502 5.6395 3.2459 5.0110 2.6044 5.1628 2.6214 4.5628 2.4275 4.3474 3.0809 4.9080 2.3973 5.0975 2.5431 5.0016 3.9913 4.2996 2.7883 4.8414 4.0576 4.8323 4.1422 4.4114 2.4127 5.3533 2.1496 4.8005 4.2216 4.4051 3.4614 
dot 15 4.9754 4.2228 4.5617 3.6834 4.7905 4.2682 5.1288 1.9146 4.8811 4.2851 5.5375 3.9507 4.8001 1.9983 5.3025 1.8645 5.7807 2.1892 5.5905 2.5833 5.6509 2.3221 5.7698 3.6496 6.0082 2.2015 4.9329 4.3501 4.1453 2.8258 6.0455 1.9993 5.8739 2.6258 6.4796 2.1185 3.3402 3.8956 3.8117 3.6622 
dot 15 4.3969 4.4774 6.4738 2.6555 4.0002 3.5143 5.9514 3.4805 5.9873 3.0429 3.2921 3.9613 7.0799 2.8735 3.7391 4.3122 3.0695 3.6884 6.2422 2.6779 6.4902 2.7983 3.0946 3.8221 5.7337 4.0158 2.7913 2.7847 2.6958 2.9694 3.1292 3.9201 6.1650 2.9136 5.1009 1.6384 6.7947 3.1831 5.4645 4.3248 
dot 15 7.3436 4.0430 5.1735 1.6155 4.9867 4.5525 7.4484 4.1933 7.4950 4.0705 4.6476 4.6147 7.4778 4.4778 3.2511 4.1331 2.4573 2.7157 7.4673 4.5641 
clear
gstate $g
if {[check_session]} return
translate 0 90
scale 0.03
text 15 0 0 {META RECORDED DIRECTIONAL }
text 15 0 -100 TARGET=1E-06
text 15 0 -200 BEST=0.003452
text 15 0 -300 GENERATION=16
text 15 0 -500 PARENTS=-9266128936674546510708803659540666989570440318463045266854634092789923316019634195319186364987354661410697604753167801167177259691798259274535313963828899395054512892298208739898816592182784001477532694415068917387837429455519744.00
gstate $h
dot 15 5.0415 3.0694 4.9308 3.0796 4.8838 3.0360 4.8749 3.0719 4.9785 3.2012 4.9321 2.9402 4.9292 2.9337 4.9595 3.2489 5.0651 2.9514 5.1482 3.0546 5.0212 3.3458 4.8112 3.2304 4.8597 2.9186 4.7648 3.2746 5.0105 3.3726 4.7253 3.2562 5.3075 3.0364 5.1850 2.8165 4.7023 2.9426 5.0350 3.4501 
dot 15 5.3565 3.2852 5.4965 3.2054 5.2328 2.7629 5.3816 3.3128 4.6996 2.8691 4.5468 2.8453 5.3324 3.4041 5.5076 2.9790 4.6699 2.7164 4.7703 3.4863 5.2854 3.5660 4.4388 2.7083 5.3466 2.7306 5.0604 2.6283 4.7332 2.4862 4.7315 2.4502 4.8150 2.5440 5.3210 3.7771 5.6395 3.2459 5.0110 2.6044 
dot 15 4.8039 2.5014 4.3905 2.7344 5.4764 3.6994 4.6664 2.3986 4.4883 3.3473 5.1628 2.6214 4.9573 2.5620 5.2262 3.8498 5.5004 2.8224 4.5628 2.4275 4.3474 3.0809 5.0747 3.7000 5.0339 3.6714 4.5265 2.4376 4.9080 2.3973 4.8851 2.3202 5.0629 3.7455 5.3813 3.8614 5.0975 2.5431 4.5939 2.3352 
dot 15 4.8585 2.2130 4.9679 2.2947 4.9930 2.4150 5.5438 2.8186 5.5165 2.7790 5.0016 3.9913 4.4560 3.4001 4.9898 2.1522 4.2996 2.7883 5.7171 3.2149 
clear
gstate $g
if {[check_session]} return
translate 0 90
scale 0.03
text 15 0 0 {META RECORDED DIRECTIONAL }
text 15 0 -100 TARGET=1E-06
text 15 0 -200 BEST=0.001743
text 15 0 -300 GENERATION=17
text 15 0 -500 PARENTS=-9266128936674546510708803659540666989570440318463045266854634092789923316019634195319186364987354661410697604753167801167177259691798259274535313963828899395054512892298208739898816592182784001477532694415068917387837429455519744.00
gstate $h
dot 15 5.0055 3.0600 5.0415 3.0694 4.9574 3.1403 4.9491 3.1296 4.9452 3.1128 5.0601 3.0600 4.9556 3.0701 4.9308 3.0796 4.9262 3.0742 4.9308 3.0711 4.9328 3.0600 4.9225 3.1565 5.0644 3.0258 4.8826 3.0504 4.8811 3.0506 4.8838 3.0360 4.8749 3.0719 4.9775 3.1971 4.9785 3.2012 4.9958 2.9586 
dot 15 4.9321 2.9402 4.9945 3.2472 4.9292 2.9337 4.9421 3.2200 4.9393 3.2214 4.8586 3.1277 4.9595 3.2489 4.9443 3.2473 5.1451 3.0589 5.0651 2.9514 5.0396 2.9019 4.9355 3.2772 5.1444 3.0472 5.1482 3.0546 4.9269 3.2896 4.9242 3.2898 5.1053 2.9782 5.1151 2.9902 5.0978 2.9631 5.0954 2.9494 
dot 15 4.8553 2.9740 4.9129 2.9087 5.1703 3.1021 4.8986 3.3100 4.9559 3.3384 4.9306 3.3369 5.0703 2.8622 5.0704 2.8590 4.8444 3.2164 5.1072 3.2951 4.8724 2.9246 5.1708 3.0251 4.8691 2.9243 5.0212 3.3458 4.8708 2.9190 4.9113 3.3584 5.1571 2.8666 4.8112 3.2304 4.8381 2.9545 4.8028 3.2416 
dot 15 4.8814 2.9001 4.8061 3.2237 4.7894 3.2625 4.8597 2.9186 5.1983 3.0322 4.7839 3.2828 5.0132 3.3631 4.8638 2.9080 5.2122 3.0017 4.7648 3.2746 
clear
gstate $g
if {[check_session]} return
translate 0 90
scale 0.03
text 15 0 0 {META RECORDED DIRECTIONAL }
text 15 0 -100 TARGET=1E-06
text 15 0 -200 BEST=6.611E-06
text 15 0 -300 GENERATION=18
text 15 0 -500 PARENTS=-9266128936674546510708803659540666989570440318463045266854634092789923316019634195319186364987354661410697604753167801167177259691798259274535313963828899395054512892298208739898816592182784001477532694415068917387837429455519744.00
gstate $h
dot 15 5.0018 3.0992 4.9954 3.1151 5.0156 3.0843 5.0208 3.1227 5.0181 3.1279 5.0055 3.0600 4.9943 3.1406 4.9776 3.1224 5.0085 3.1472 5.0306 3.0746 5.0415 3.0694 4.9574 3.1403 4.9553 3.1365 4.9552 3.1360 4.9570 3.1027 4.9593 3.1453 4.9538 3.1323 4.9516 3.1276 4.9491 3.1296 4.9476 3.1299 
dot 15 4.9628 3.1538 4.9581 3.1522 4.9475 3.1115 4.9452 3.1128 4.9646 3.1575 4.9362 3.1221 4.9489 3.0942 5.0601 3.0600 4.9556 3.0701 4.9386 3.0829 4.9319 3.0804 4.9133 3.0943 4.9285 3.0814 4.9308 3.0796 4.9310 3.0730 4.9262 3.0742 4.9308 3.0711 4.9305 3.0679 4.9308 3.0674 4.9302 3.0661 
dot 15 4.9308 3.0642 4.9162 3.0687 4.9312 3.0619 4.9301 3.0622 4.9328 3.0600 4.9224 3.0617 4.9201 3.0602 4.9311 3.0571 4.9100 3.0603 4.9207 3.1500 4.9382 3.0487 4.9387 3.0483 4.9446 3.0445 4.9375 3.0464 4.9224 3.0466 4.9390 3.0414 4.9303 3.0399 4.9225 3.1565 4.9751 3.1817 4.9339 3.0323 
dot 15 4.8903 3.0582 4.9113 3.0305 4.9683 3.1836 4.9239 3.0239 4.8847 3.0627 4.8957 3.0332 5.0644 3.0258 4.8846 3.0509 4.8901 3.0369 4.8832 3.0552 
clear
gstate $g
if {[check_session]} return
translate 0 90
scale 0.03
text 15 0 0 {META RECORDED DIRECTIONAL }
text 15 0 -100 TARGET=1E-06
text 15 0 -200 BEST=2.064E-06
text 15 0 -300 GENERATION=19
text 15 0 -500 PARENTS=-9266128936674546510708803659540666989570440318463045266854634092789923316019634195319186364987354661410697604753167801167177259691798259274535313963828899395054512892298208739898816592182784001477532694415068917387837429455519744.00
gstate $h
dot 15 4.9998 3.0988 5.0018 3.0992 4.9954 3.1151 4.9834 3.1110 5.0116 3.0846 4.9821 3.1119 4.9768 3.1058 5.0156 3.0843 5.0208 3.1227 5.0168 3.1285 4.9721 3.0999 5.0181 3.1279 5.0165 3.1309 4.9835 3.0672 4.9868 3.1229 5.0055 3.0600 4.9838 3.1256 4.9943 3.1406 4.9959 3.1434 4.9776 3.1224 
dot 15 4.9837 3.1317 4.9766 3.1223 5.0047 3.1454 4.9715 3.1259 5.0085 3.1472 5.0284 3.0715 4.9677 3.1192 5.0306 3.0746 5.0322 3.0713 4.9668 3.1327 5.0018 3.1519 5.0208 3.1438 4.9594 3.1010 5.0415 3.0694 4.9574 3.1403 4.9559 3.1351 4.9560 3.1375 4.9603 3.1449 4.9553 3.1365 4.9553 3.1361 
dot 15 4.9552 3.1360 4.9576 3.1106 4.9592 3.1449 4.9570 3.1027 4.9593 3.1453 4.9538 3.1323 5.0442 3.0758 4.9533 3.1335 4.9532 3.1341 5.0467 3.0689 4.9527 3.1326 4.9980 3.1559 4.9526 3.1316 4.9579 3.1454 4.9639 3.1507 4.9510 3.1361 4.9516 3.1276 5.0103 3.1531 4.9491 3.1296 4.9639 3.1518 
dot 15 4.9510 3.1407 4.9493 3.1267 4.9478 3.1299 4.9476 3.1299 4.9476 3.1301 4.9473 3.1302 4.9471 3.1299 4.9468 3.1300 4.9593 3.1502 4.9463 3.1303 
clear
gstate $g
if {[check_session]} return
translate 0 90
scale 0.03
text 15 0 0 {META RECORDED DIRECTIONAL }
text 15 0 -100 TARGET=1E-06
text 15 0 -200 BEST=2.064E-06
text 15 0 -300 GENERATION=20
text 15 0 -500 PARENTS=-9266128936674546510708803659540666989570440318463045266854634092789923316019634195319186364987354661410697604753167801167177259691798259274535313963828899395054512892298208739898816592182784001477532694415068917387837429455519744.00
gstate $h
dot 15 4.9998 3.0988 5.0018 3.0992 5.0029 3.0993 4.9969 3.1068 5.0034 3.0912 5.0084 3.1010 5.0086 3.0986 4.9893 3.1092 4.9874 3.1052 4.9872 3.1080 4.9872 3.0940 4.9954 3.1151 5.0204 3.0991 4.9792 3.1020 5.0040 3.1154 4.9834 3.1110 5.0225 3.1061 4.9810 3.1091 5.0190 3.1136 5.0116 3.0846 
dot 15 4.9821 3.1119 4.9761 3.1033 4.9768 3.1058 5.0155 3.1222 5.0189 3.1216 5.0187 3.1221 5.0156 3.0843 5.0012 3.1212 4.9756 3.0833 5.0208 3.1227 4.9794 3.1127 4.9741 3.0836 4.9976 3.1230 4.9781 3.1123 5.0168 3.1285 4.9721 3.0999 5.0181 3.1279 5.0118 3.1312 5.0165 3.1309 4.9977 3.0671 
dot 15 4.9916 3.1254 4.9835 3.0672 4.9868 3.1229 5.0085 3.1363 4.9804 3.1182 4.9794 3.1211 5.0055 3.0600 4.9838 3.1256 4.9943 3.1406 4.9671 3.0962 4.9855 3.1292 4.9963 3.1429 4.9959 3.1434 5.0002 3.1442 4.9776 3.1224 4.9811 3.1277 4.9819 3.1304 5.0197 3.1372 4.9755 3.1238 4.9739 3.1213 
dot 15 4.9780 3.1291 5.0288 3.1287 4.9935 3.1477 4.9732 3.1220 5.0264 3.1327 5.0355 3.0983 4.9740 3.1249 5.0041 3.1475 5.0320 3.0853 4.9721 3.1275 
clear
gstate $g
if {[check_session]} return
translate 0 90
scale 0.03
text 15 0 0 {META RECORDED DIRECTIONAL }
text 15 0 -100 TARGET=1E-06
text 15 0 -200 BEST=1.893E-06
text 15 0 -300 GENERATION=21
text 15 0 -500 PARENTS=-9266128936674546510708803659540666989570440318463045266854634092789923316019634195319186364987354661410697604753167801167177259691798259274535313963828899395054512892298208739898816592182784001477532694415068917387837429455519744.00
gstate $h
dot 15 5.0012 3.1001 4.9998 3.0988 4.9986 3.1017 5.0018 3.0992 5.0029 3.0993 4.9968 3.1010 4.9969 3.1001 5.0038 3.0971 4.9954 3.1023 4.9980 3.1048 5.0063 3.0997 4.9931 3.0985 4.9969 3.1068 4.9984 3.1093 5.0034 3.0912 5.0084 3.1010 4.9918 3.1027 5.0086 3.0986 4.9955 3.1115 4.9957 3.1116 
dot 15 5.0084 3.1047 5.0106 3.0969 5.0116 3.0952 4.9924 3.1113 4.9893 3.1092 4.9886 3.1029 4.9874 3.1052 5.0118 3.0971 4.9874 3.1035 4.9944 3.1126 4.9872 3.1080 5.0164 3.0986 4.9837 3.1002 4.9834 3.1053 4.9831 3.1003 4.9843 3.0981 4.9914 3.0901 4.9872 3.0940 5.0078 3.0858 4.9826 3.0963 
dot 15 4.9954 3.1151 5.0173 3.1056 5.0187 3.1051 5.0204 3.0991 5.0151 3.0891 5.0179 3.1079 4.9792 3.1020 4.9833 3.0912 5.0044 3.1148 4.9881 3.0893 5.0147 3.0880 5.0040 3.1154 4.9779 3.0983 4.9919 3.0863 5.0216 3.0984 4.9830 3.0886 4.9834 3.1110 4.9790 3.0909 5.0185 3.1116 5.0219 3.1076 
dot 15 5.0222 3.1066 5.0227 3.1017 5.0225 3.1061 5.0156 3.0876 4.9822 3.0871 4.9810 3.1091 4.9861 3.0859 5.0190 3.1136 5.0116 3.0846 5.0236 3.1084 
gstate $g
if {[check_session]} return
