set g [gstate]
scale 2.500 2.500
translate 20.000 20.000
set h [gstate]
clear
gstate $g
if {[check_session]} return
translate 0 90
scale 0.03
text 15 0 0 {META RECORDED DIRECTIONAL }
text 15 0 -100 TARGET=1E-06
text 15 0 -200 BEST=0.9803
text 15 0 -300 GENERATION=0
text 15 0 -500 PARENTS=-9266128936674546510708803659540666989570440318463045266854634092789923316019634195319186364987354661410697604753167801167177259691798259274535313963828899395054512892298208739898816592182784001477532694415068917387837429455519744.00
gstate $h
dot 15 6.4469 -1.8302 4.4763 8.5968 12.4275 -1.0193 -5.9518 1.8294 4.7562 8.6337 17.0205 10.2832 1.5487 9.0419 12.3336 -1.3374 1.2949 7.7802 14.3355 18.1269 -6.3825 -5.0783 -3.1387 -13.5718 -6.4299 -3.0430 7.9798 2.7607 14.8357 3.1337 -6.0351 -5.7970 2.2488 -17.9669 -4.1182 4.0751 -6.1437 -2.1511 14.1180 19.2551 
dot 15 6.2136 8.2764 -4.4494 3.1199 4.4249 -2.5254 -2.3451 5.5627 -7.7422 -3.9357 6.3624 0.7252 7.0101 1.0801 -4.9400 1.7245 6.0150 0.3489 5.7057 8.8513 2.6322 5.0668 15.5472 17.9225 0.2830 6.5450 1.9853 9.8481 11.8853 19.0537 -0.7753 -14.1011 9.1704 -0.2450 18.0344 11.6894 -8.2314 -0.8133 -4.8503 -6.0419 
dot 15 -5.0238 6.5900 -0.0616 5.8229 13.8311 15.1545 -4.4834 7.3922 17.8482 14.0501 -8.5934 -1.9562 -0.2246 -13.9137 -6.8352 -10.6639 -8.4659 -6.6693 -6.9533 -10.9997 9.0627 -4.2556 15.4619 -0.6650 12.3405 3.2973 -0.6221 -12.7232 11.9333 3.1430 17.4826 16.6104 11.0759 3.1026 -8.5138 1.6869 11.2933 17.7387 -4.0581 -4.1015 
dot 15 10.4189 4.3598 -1.0409 2.6833 13.5345 12.6896 18.7224 4.8086 2.0312 -4.9404 -13.1255 5.1465 -18.8423 -2.2283 2.6408 -13.6080 19.0293 12.3519 -9.7705 -10.6796 
clear
gstate $g
if {[check_session]} return
translate 0 90
scale 0.03
text 15 0 0 {META RECORDED DIRECTIONAL }
text 15 0 -100 TARGET=1E-06
text 15 0 -200 BEST=0.8065
text 15 0 -300 GENERATION=1
text 15 0 -500 PARENTS=-9266128936674546510708803659540666989570440318463045266854634092789923316019634195319186364987354661410697604753167801167177259691798259274535313963828899395054512892298208739898816592182784001477532694415068917387837429455519744.00
gstate $h
dot 15 3.8305 3.5765 2.9514 3.8520 7.5132 5.0222 7.3657 5.5762 7.7860 4.1590 6.9586 4.9423 2.3437 3.2851 6.4469 -1.8302 7.0353 6.8788 4.4763 8.5968 12.4275 -1.0193 -5.9518 1.8294 -6.3782 1.2615 4.7562 8.6337 13.5125 -0.3273 17.0205 10.2832 15.9376 3.0705 16.3106 13.5111 1.5487 9.0419 -5.2111 2.8325 
dot 15 12.3336 -1.3374 -1.8394 6.6185 1.2949 7.7802 -2.9032 7.1411 14.3355 18.1269 -6.3825 -5.0783 -3.1387 -13.5718 17.2858 9.2346 -6.4299 -3.0430 7.9798 2.7607 -7.3752 -3.2563 8.2575 3.6327 14.8357 3.1337 16.7678 13.3790 3.8212 -19.0497 -5.7528 -7.1627 5.7683 0.9330 -6.0351 -5.7970 -6.2612 -2.0984 12.0964 -22.1670 
dot 15 2.2488 -17.9669 -4.1182 4.0751 8.6500 -21.9560 -6.1437 -2.1511 14.1180 19.2551 12.4176 -1.6417 5.3039 -0.4326 8.3348 -1.2587 -3.3073 -14.1998 15.3182 4.7240 5.9220 -0.5086 -7.6842 -1.0722 15.6665 11.5222 1.0049 -16.3551 -5.6940 -1.5231 16.6619 15.4509 11.5143 19.7486 9.2859 -0.2558 14.1417 15.0525 -7.1790 -8.8232 
dot 15 -0.3541 -18.1773 0.8495 6.2453 -5.1511 -1.5334 2.3988 10.0515 17.7963 4.7871 15.1745 8.2338 1.8685 5.7296 8.8191 2.2447 -2.7507 -11.1026 9.1059 0.1482 
clear
gstate $g
if {[check_session]} return
translate 0 90
scale 0.03
text 15 0 0 {META RECORDED DIRECTIONAL }
text 15 0 -100 TARGET=1E-06
text 15 0 -200 BEST=0.7512
text 15 0 -300 GENERATION=2
text 15 0 -500 PARENTS=-9266128936674546510708803659540666989570440318463045266854634092789923316019634195319186364987354661410697604753167801167177259691798259274535313963828899395054512892298208739898816592182784001477532694415068917387837429455519744.00
gstate $h
dot 15 4.6826 4.4484 4.2534 4.4604 3.8305 3.5765 6.0815 2.7627 2.9514 3.8520 2.4149 1.6087 7.5132 5.0222 7.3657 5.5762 3.3152 -0.3819 7.7860 4.1590 6.9586 4.9423 6.9493 4.8407 3.2202 4.3055 6.2295 1.5646 3.1216 1.5740 7.8853 4.4805 2.3437 3.2851 3.4574 0.6530 0.5599 8.3907 6.4469 -1.8302 
dot 15 -0.2129 8.1387 7.0353 6.8788 12.8012 -0.1706 4.4763 8.5968 12.4275 -1.0193 -4.1707 4.8354 3.6119 4.8186 -5.9255 2.5268 -5.9518 1.8294 -6.3782 1.2615 4.7562 8.6337 -5.5065 3.8284 13.5125 -0.3273 -5.6740 1.9191 10.3733 -1.1965 15.2381 3.3650 17.0205 10.2832 15.9376 3.0705 16.3106 13.5111 1.5487 9.0419 
dot 15 -5.2111 2.8325 -7.1204 -4.3853 12.1625 -1.5374 15.9403 15.2742 3.2435 26.9071 1.6900 27.5570 0.4809 7.4419 1.8534 0.7479 8.2994 3.6505 -5.4277 1.5476 -7.4532 -4.3914 9.6091 -2.8841 15.1198 4.1040 14.1619 2.3915 9.7236 -1.0081 5.5042 -0.4525 4.8414 6.2471 0.7412 7.1008 0.6817 7.0581 4.3963 5.9780 
dot 15 1.5805 9.5179 15.3044 13.1769 -3.1901 4.5685 6.4629 0.6524 2.3726 9.6172 3.9977 6.3870 5.2686 -3.0490 13.6001 2.2409 -0.1346 6.6583 12.8243 -1.7764 
clear
gstate $g
if {[check_session]} return
translate 0 90
scale 0.03
text 15 0 0 {META RECORDED DIRECTIONAL }
text 15 0 -100 TARGET=1E-06
text 15 0 -200 BEST=0.1577
text 15 0 -300 GENERATION=3
text 15 0 -500 PARENTS=-9266128936674546510708803659540666989570440318463045266854634092789923316019634195319186364987354661410697604753167801167177259691798259274535313963828899395054512892298208739898816592182784001477532694415068917387837429455519744.00
gstate $h
dot 15 4.5689 3.1190 5.5650 2.2940 4.6826 4.4484 5.8609 1.8088 3.3435 3.7172 6.6833 2.5385 3.3640 3.5854 3.2219 3.7347 4.2534 4.4604 3.8305 3.5765 6.0815 2.7627 2.8444 3.4531 2.7024 3.1137 6.5032 1.9293 2.6436 3.1597 7.4220 4.0102 2.4791 2.3208 7.2316 4.2253 2.9514 3.8520 7.3133 4.9509 
dot 15 2.4149 1.6087 7.5132 5.0222 6.6044 1.8684 7.4609 5.2830 7.3025 5.6045 7.1051 5.0065 6.6754 3.4672 7.3657 5.5762 7.7438 4.4824 3.3152 -0.3819 3.4404 -0.5011 7.7860 4.1590 6.9586 4.9423 6.0455 4.0093 6.9493 4.8407 3.2202 4.3055 6.2295 1.5646 5.7289 7.5777 3.1216 1.5740 4.6188 8.0075 
dot 15 7.8471 4.6817 7.8853 4.4805 2.3437 3.2851 3.4973 0.3159 3.2553 1.5547 5.6477 -1.6483 3.3225 -0.9129 3.4574 0.6530 6.6078 5.3193 0.5599 8.3907 6.4469 -1.8302 4.7427 4.8973 8.7758 -1.9876 6.5594 4.7387 3.4736 1.1609 4.1193 1.6175 3.8635 0.1521 -2.2840 6.6609 5.4906 6.8035 11.7134 -1.5299 
dot 15 13.6045 -0.0458 5.1181 6.9999 -2.1831 6.5410 -6.4558 1.4398 -1.0558 8.2298 3.8992 8.9124 13.5765 -0.3074 16.6071 9.9102 16.8847 5.8546 -5.9387 -7.5566 
clear
gstate $g
if {[check_session]} return
translate 0 90
scale 0.03
text 15 0 0 {META RECORDED DIRECTIONAL }
text 15 0 -100 TARGET=1E-06
text 15 0 -200 BEST=0.1577
text 15 0 -300 GENERATION=4
text 15 0 -500 PARENTS=-9266128936674546510708803659540666989570440318463045266854634092789923316019634195319186364987354661410697604753167801167177259691798259274535313963828899395054512892298208739898816592182784001477532694415068917387837429455519744.00
gstate $h
dot 15 4.5689 3.1190 5.5650 2.2940 5.4198 1.8440 6.1995 2.1526 3.6249 4.0554 6.4448 2.2241 3.5601 3.7864 3.7883 4.2070 4.6826 4.4484 6.6086 2.4904 5.8609 1.8088 3.8324 4.2594 3.3435 3.7172 3.3257 3.7806 6.6833 2.5385 5.9015 2.6006 5.8858 2.7443 3.3640 3.5854 3.2219 3.7347 3.1956 3.5232 
dot 15 6.7923 2.7234 6.3274 1.9813 4.2534 4.4604 3.5171 3.5235 2.9971 3.3218 3.8305 3.5765 3.0823 3.6853 7.0552 2.9845 7.0751 3.0621 3.9623 3.3658 3.8985 3.4610 6.0815 2.7627 3.1338 3.1246 2.8444 3.4531 3.2763 4.0392 2.7024 3.1137 7.3473 3.5666 2.6471 3.0144 6.5032 1.9293 2.6436 3.1597 
dot 15 7.4220 4.0102 3.2396 3.0155 7.5071 3.8773 2.4791 2.3208 2.8041 3.5617 7.4674 4.2021 7.0745 2.4364 7.3283 4.2755 7.5656 3.8723 7.5470 3.5454 7.0665 3.7381 7.2316 4.2253 4.5874 4.6391 7.0329 2.3445 7.5674 3.5515 7.3534 4.6879 7.3706 4.7419 6.2959 3.1153 6.9840 3.6322 2.9514 3.8520 
dot 15 2.4802 1.5663 7.2598 4.6536 3.5109 3.0519 7.3133 4.9509 7.2442 4.6960 6.1263 3.5500 7.5966 3.3886 7.3958 2.8163 7.6601 3.6870 3.0790 2.4766 
clear
gstate $g
if {[check_session]} return
translate 0 90
scale 0.03
text 15 0 0 {META RECORDED DIRECTIONAL }
text 15 0 -100 TARGET=1E-06
text 15 0 -200 BEST=0.01119
text 15 0 -300 GENERATION=5
text 15 0 -500 PARENTS=-9266128936674546510708803659540666989570440318463045266854634092789923316019634195319186364987354661410697604753167801167177259691798259274535313963828899395054512892298208739898816592182784001477532694415068917387837429455519744.00
gstate $h
dot 15 5.0239 3.0218 5.0818 2.7760 5.2093 3.2999 4.5689 3.1190 5.1327 2.7608 5.2317 3.3291 5.3547 3.2974 5.3909 3.3005 5.4388 3.5907 5.0533 3.8917 5.6852 3.1943 4.9838 2.1362 4.6449 3.6049 4.5654 3.8598 5.4517 2.4401 4.5863 4.3118 5.5650 2.2940 5.7938 2.2275 5.9015 2.0098 4.6728 4.3541 
dot 15 4.0270 4.0518 5.4198 1.8440 4.2821 3.9100 3.9974 4.0633 5.7702 1.9080 4.3717 3.7069 3.9890 3.9556 5.7013 2.6363 6.1995 2.1526 6.2681 2.2151 5.8738 3.1206 6.1903 2.0424 5.7791 2.5505 3.6249 4.0554 6.4448 2.2241 3.5601 3.7864 6.5265 2.3554 6.3110 2.0698 6.4929 2.2635 3.7883 4.2070 
dot 15 4.6826 4.4484 5.8791 2.5189 6.0226 2.4621 6.6086 2.4904 6.5443 2.2537 5.8609 1.8088 3.8324 4.2594 3.3435 3.7172 6.6209 2.3326 3.3257 3.7806 6.6833 2.5385 5.1900 1.7428 5.9015 2.6006 5.8858 2.7443 3.3640 3.5854 6.5962 2.6287 3.2219 3.7347 3.1956 3.5232 4.2366 4.4528 3.3665 3.5306 
dot 15 5.9340 2.8484 6.7920 2.7944 3.1062 3.6389 6.6618 2.7477 3.1579 3.3470 5.3236 1.6854 3.9289 3.5429 4.5439 4.5236 3.4204 4.0893 7.0746 3.0466 
clear
gstate $g
if {[check_session]} return
translate 0 90
scale 0.03
text 15 0 0 {META RECORDED DIRECTIONAL }
text 15 0 -100 TARGET=1E-06
text 15 0 -200 BEST=0.01119
text 15 0 -300 GENERATION=6
text 15 0 -500 PARENTS=-9266128936674546510708803659540666989570440318463045266854634092789923316019634195319186364987354661410697604753167801167177259691798259274535313963828899395054512892298208739898816592182784001477532694415068917387837429455519744.00
gstate $h
dot 15 5.0239 3.0218 4.8733 3.2506 4.8464 3.2446 5.3296 3.0881 5.0818 2.7760 4.6227 3.0647 5.2093 3.2999 4.5689 3.1190 5.1327 2.7608 5.2317 3.3291 5.3547 3.2974 5.3909 3.3005 5.1954 3.3939 5.2916 3.3939 5.2441 3.4196 5.1988 3.4640 5.2613 3.4582 4.4969 3.2502 5.4388 3.5907 5.3548 3.6422 
dot 15 5.0028 3.5649 5.6155 3.3328 5.1045 3.6377 4.8653 2.4629 5.2230 3.8786 4.8924 2.2945 4.3749 2.6446 5.0533 3.8917 5.6852 3.1943 4.7193 3.5920 4.5584 3.4954 5.0313 2.3816 4.9838 2.1362 5.0754 2.3001 4.6313 2.2480 4.6449 3.6049 4.9331 4.1099 5.1397 2.2884 4.8624 3.8482 4.8212 4.0150 
dot 15 5.4382 3.9276 4.8162 3.9170 5.1782 2.3305 4.6696 2.1850 5.5010 2.6898 4.7639 4.1113 4.7416 4.0516 5.6820 2.9398 5.2414 2.3563 4.6488 4.0932 4.7871 4.2018 5.7540 3.3821 5.4375 2.5820 4.6543 3.9674 5.3646 2.2345 5.3311 2.3761 4.6101 3.9153 4.6295 3.7674 5.3651 2.3836 4.3996 4.0813 
dot 15 5.6561 3.7700 4.5654 3.8598 5.4868 3.9896 4.4342 3.9828 4.4391 3.9753 5.4517 2.4401 5.7386 2.1077 4.5863 4.3118 4.6829 2.0598 5.8066 3.4030 
clear
gstate $g
if {[check_session]} return
translate 0 90
scale 0.03
text 15 0 0 {META RECORDED DIRECTIONAL }
text 15 0 -100 TARGET=1E-06
text 15 0 -200 BEST=0.01119
text 15 0 -300 GENERATION=7
text 15 0 -500 PARENTS=-9266128936674546510708803659540666989570440318463045266854634092789923316019634195319186364987354661410697604753167801167177259691798259274535313963828899395054512892298208739898816592182784001477532694415068917387837429455519744.00
gstate $h
dot 15 5.0239 3.0218 5.0727 3.1762 5.1085 3.0537 4.9506 3.2365 4.9756 2.8884 5.0329 2.8756 4.9283 3.3264 4.8733 3.2506 5.1659 3.2090 4.8464 3.2446 5.1802 3.0293 4.9171 3.3709 4.8713 3.3943 4.6897 3.2741 5.2048 3.2734 5.3296 3.0881 5.0818 2.7760 4.6227 3.0647 5.2093 3.2999 5.3254 3.1724 
dot 15 4.5689 3.1190 5.1327 2.7608 5.2317 3.3291 5.0848 2.7381 5.3547 3.2974 5.3909 3.3005 5.2491 3.3485 5.2976 3.3210 4.5251 3.1980 5.1954 3.3939 5.3212 3.3504 5.3110 3.3540 5.3489 3.3719 5.2916 3.3939 5.2441 3.4196 5.2519 3.4310 5.1988 3.4640 5.2613 3.4582 5.1148 3.4915 4.4969 3.2502 
dot 15 5.2273 3.4704 5.2371 3.4774 5.2304 3.4971 5.2186 3.5050 5.4388 3.5907 5.4545 3.5885 5.3844 3.6243 5.3548 3.6422 4.7719 3.5172 5.1701 3.5821 5.6112 3.0883 5.1496 3.6083 4.7415 2.4521 5.2817 3.7673 5.3645 3.7729 4.5288 3.3907 5.1147 3.6289 5.1277 3.6655 5.2807 2.6464 5.0543 3.7198 
dot 15 5.0084 3.6811 4.9671 2.5004 5.0250 3.7431 5.6589 3.4702 5.3286 2.6400 4.8194 2.1821 5.2390 2.5627 4.3840 3.2940 4.9326 3.8475 4.9182 3.9862 
clear
gstate $g
if {[check_session]} return
translate 0 90
scale 0.03
text 15 0 0 {META RECORDED DIRECTIONAL }
text 15 0 -100 TARGET=1E-06
text 15 0 -200 BEST=0.0009904
text 15 0 -300 GENERATION=8
text 15 0 -500 PARENTS=-9266128936674546510708803659540666989570440318463045266854634092789923316019634195319186364987354661410697604753167801167177259691798259274535313963828899395054512892298208739898816592182784001477532694415068917387837429455519744.00
gstate $h
dot 15 4.9822 3.1155 4.9629 3.0733 4.9337 3.0635 5.0239 3.0218 5.0680 3.0363 5.0727 3.1762 5.0639 3.1789 4.9182 3.0108 4.9037 3.0146 5.0792 3.2039 5.0762 3.2164 5.0335 3.2081 5.0449 3.2182 5.1085 3.0537 5.0750 3.2271 5.0362 3.2413 5.0168 3.2287 5.0043 3.2343 5.1143 3.2215 4.9506 3.2365 
dot 15 5.0661 2.9754 4.9519 3.2676 4.9249 3.2392 4.9756 2.8884 4.8319 3.0651 5.0329 2.8756 4.9136 3.3120 4.9283 3.3264 4.8733 3.2506 4.8702 3.2345 4.8467 2.9738 5.1659 3.2090 5.1350 2.8871 4.8464 3.2446 4.8355 3.2655 5.1802 3.0293 5.1233 3.2885 4.8402 3.3280 4.8179 3.3323 4.7734 3.2801 
dot 15 4.9171 3.3709 4.7879 3.1874 4.7819 3.1909 5.3078 2.9860 5.2539 3.0770 4.8713 3.3943 4.6897 3.2741 5.0211 3.3947 5.2789 3.0924 5.1966 3.2692 4.7695 2.9798 5.2632 3.1520 5.2048 3.2734 5.3296 3.0881 5.1154 2.7857 5.1505 2.7882 5.0818 2.7760 5.1978 3.3066 4.6227 3.0647 5.2093 3.2999 
dot 15 5.3254 3.1724 4.8796 2.8146 4.7699 2.9037 4.5923 3.2500 4.7948 2.8668 4.9552 3.4463 4.7267 2.9206 5.4454 3.2301 4.7707 2.8597 4.6174 3.3232 
clear
gstate $g
if {[check_session]} return
translate 0 90
scale 0.03
text 15 0 0 {META RECORDED DIRECTIONAL }
text 15 0 -100 TARGET=1E-06
text 15 0 -200 BEST=0.0002147
text 15 0 -300 GENERATION=9
text 15 0 -500 PARENTS=-9266128936674546510708803659540666989570440318463045266854634092789923316019634195319186364987354661410697604753167801167177259691798259274535313963828899395054512892298208739898816592182784001477532694415068917387837429455519744.00
gstate $h
dot 15 4.9892 3.1005 5.0069 3.0864 4.9907 3.1166 4.9889 3.1172 4.9822 3.1155 4.9770 3.0640 4.9629 3.0733 5.0061 3.1545 4.9487 3.0805 5.0644 3.1098 4.9343 3.0857 5.0529 3.1309 4.9366 3.0817 5.0426 3.1476 5.0712 3.1310 4.9337 3.0635 4.9129 3.0683 5.0555 3.1537 5.0478 3.1588 5.0239 3.0218 
dot 15 5.0680 3.0363 5.0922 3.1567 4.9294 3.0393 5.0727 3.1762 4.9709 3.1851 5.0767 3.1788 5.0639 3.1789 5.0618 3.1822 4.9182 3.0108 4.9037 3.0146 5.0797 3.2023 5.0603 3.2012 5.0792 3.2039 5.1101 3.1793 5.0891 3.2020 5.0341 3.1995 4.8762 3.0499 5.0479 3.2076 5.1048 3.1957 4.9586 3.1933 
dot 15 5.0762 3.2164 5.1027 3.2015 5.0224 3.2053 5.0335 3.2081 5.1023 3.2049 5.0449 3.2182 5.1085 3.0537 5.0697 3.2268 5.0585 3.2282 5.0750 3.2271 5.0640 3.2301 5.0590 3.2313 5.0317 3.2184 5.0617 3.2321 5.0853 3.2267 5.0530 3.2369 5.0880 3.2281 5.0401 3.2406 5.0362 3.2413 5.0931 3.2293 
dot 15 5.0168 3.2287 5.1215 3.1944 5.0086 3.2259 4.9223 2.9535 5.0043 3.2343 5.0864 3.2445 5.0599 3.2596 5.1397 3.1606 5.1129 3.2204 4.9903 3.2360 
clear
gstate $g
if {[check_session]} return
translate 0 90
scale 0.03
text 15 0 0 {META RECORDED DIRECTIONAL }
text 15 0 -100 TARGET=1E-06
text 15 0 -200 BEST=0.0002147
text 15 0 -300 GENERATION=10
text 15 0 -500 PARENTS=-9266128936674546510708803659540666989570440318463045266854634092789923316019634195319186364987354661410697604753167801167177259691798259274535313963828899395054512892298208739898816592182784001477532694415068917387837429455519744.00
gstate $h
dot 15 4.9892 3.1005 5.0133 3.0968 5.0069 3.0864 5.0190 3.0970 4.9962 3.1171 4.9976 3.1173 4.9907 3.1166 5.0000 3.1178 4.9968 3.1180 4.9883 3.1159 5.0043 3.1177 5.0014 3.1183 5.0013 3.1185 5.0004 3.1188 4.9884 3.1169 4.9889 3.1172 4.9974 3.1194 5.0124 3.1199 4.9918 3.1188 4.9919 3.1190 
dot 15 4.9878 3.1175 5.0096 3.1217 5.0021 3.1208 4.9912 3.0779 4.9822 3.1155 4.9828 3.1176 4.9810 3.0712 4.9716 3.1035 5.0293 3.1166 4.9920 3.1381 4.9823 3.1433 4.9770 3.0640 5.0212 3.0583 5.0201 3.0556 5.0284 3.0748 5.0348 3.0894 5.0180 3.0510 5.0263 3.1358 5.0131 3.1465 5.0172 3.0493 
dot 15 5.0373 3.0894 5.0347 3.0678 5.0155 3.0453 5.0152 3.0448 5.0447 3.0679 4.9629 3.0733 5.0061 3.1545 5.0444 3.1115 5.0425 3.1194 4.9867 3.1590 5.0419 3.1257 4.9651 3.1568 4.9498 3.0794 4.9487 3.0805 4.9407 3.0903 5.0644 3.1098 4.9361 3.0883 4.9365 3.0849 4.9482 3.0687 4.9343 3.0857 
dot 15 4.9216 3.0939 5.0529 3.1309 4.9366 3.0817 4.9379 3.0744 5.0426 3.1476 5.0391 3.1509 4.9161 3.0856 4.9093 3.0867 5.0712 3.1310 4.9126 3.0757 
clear
gstate $g
if {[check_session]} return
translate 0 90
scale 0.03
text 15 0 0 {META RECORDED DIRECTIONAL }
text 15 0 -100 TARGET=1E-06
text 15 0 -200 BEST=0.0002147
text 15 0 -300 GENERATION=11
text 15 0 -500 PARENTS=-9266128936674546510708803659540666989570440318463045266854634092789923316019634195319186364987354661410697604753167801167177259691798259274535313963828899395054512892298208739898816592182784001477532694415068917387837429455519744.00
gstate $h
dot 15 4.9892 3.1005 5.0133 3.0968 5.0069 3.0864 5.0190 3.0970 5.0216 3.1008 4.9995 3.1163 5.0003 3.1164 4.9948 3.1165 4.9962 3.1168 5.0099 3.1133 4.9962 3.1171 5.0000 3.1171 4.9962 3.1173 4.9976 3.1173 4.9944 3.1171 4.9991 3.1174 5.0010 3.1172 4.9942 3.1172 4.9902 3.1161 4.9987 3.1175 
dot 15 4.9905 3.1163 4.9982 3.1176 4.9939 3.1173 5.0043 3.1168 4.9995 3.1177 4.9907 3.1166 5.0000 3.1178 4.9896 3.1163 5.0029 3.1175 4.9992 3.1180 4.9897 3.1164 4.9968 3.1180 5.0007 3.1180 4.9883 3.1159 4.9876 3.1155 5.0040 3.1176 4.9995 3.1182 5.0043 3.1177 5.0164 3.1172 5.0014 3.1183 
dot 15 5.0014 3.1183 5.0082 3.1171 5.0168 3.1177 5.0041 3.1180 5.0070 3.1175 4.9858 3.1149 5.0126 3.1174 5.0044 3.1181 5.0013 3.1185 4.9879 3.1162 4.9859 3.1151 5.0080 3.1176 4.9859 3.1151 5.0100 3.1174 5.0113 3.1176 4.9883 3.1165 4.9863 3.1154 5.0028 3.1185 5.0004 3.1188 5.0093 3.1178 
dot 15 4.9924 3.1181 4.9893 3.1170 4.9989 3.1189 5.0140 3.1187 4.9889 3.1170 5.0048 3.1185 4.9854 3.1151 5.0180 3.1190 5.0145 3.1194 4.9967 3.1190 
clear
gstate $g
if {[check_session]} return
translate 0 90
scale 0.03
text 15 0 0 {META RECORDED DIRECTIONAL }
text 15 0 -100 TARGET=1E-06
text 15 0 -200 BEST=5.43E-05
text 15 0 -300 GENERATION=12
text 15 0 -500 PARENTS=-9266128936674546510708803659540666989570440318463045266854634092789923316019634195319186364987354661410697604753167801167177259691798259274535313963828899395054512892298208739898816592182784001477532694415068917387837429455519744.00
gstate $h
dot 15 5.0018 3.1070 5.0008 3.1088 5.0057 3.1080 4.9934 3.1100 4.9996 3.1112 4.9978 3.1114 4.9934 3.1109 4.9988 3.1118 4.9905 3.1098 5.0051 3.1099 4.9892 3.1005 4.9979 3.1128 5.0133 3.0968 4.9929 3.1125 4.9973 3.1133 4.9936 3.1130 5.0069 3.0864 5.0190 3.0970 4.9952 3.1152 5.0068 3.1125 
dot 15 5.0199 3.0982 5.0144 3.1072 5.0204 3.0991 4.9937 3.1153 5.0000 3.1155 4.9940 3.1155 5.0208 3.0996 4.9933 3.1156 4.9976 3.1161 4.9927 3.1156 5.0174 3.1091 5.0216 3.1008 4.9970 3.1163 5.0035 3.1154 5.0013 3.1160 4.9995 3.1163 5.0140 3.1107 4.9884 3.1142 5.0003 3.1164 5.0124 3.1116 
dot 15 5.0053 3.1150 4.9948 3.1165 4.9997 3.1165 5.0128 3.1118 5.0030 3.1160 4.9918 3.1159 5.0016 3.1163 4.9962 3.1168 5.0099 3.1133 5.0101 3.1133 5.0078 3.1144 4.9979 3.1169 4.9928 3.1163 5.0012 3.1166 4.9998 3.1168 5.0037 3.1160 5.0226 3.1025 5.0092 3.1139 4.9977 3.1170 5.0228 3.1047 
dot 15 4.9950 3.1170 4.9946 3.1169 4.9952 3.1170 4.9962 3.1171 4.9984 3.1172 5.0000 3.1171 4.9948 3.1170 4.9964 3.1172 4.9933 3.1168 4.9951 3.1171 
clear
gstate $g
if {[check_session]} return
translate 0 90
scale 0.03
text 15 0 0 {META RECORDED DIRECTIONAL }
text 15 0 -100 TARGET=1E-06
text 15 0 -200 BEST=3.935E-06
text 15 0 -300 GENERATION=13
text 15 0 -500 PARENTS=-9266128936674546510708803659540666989570440318463045266854634092789923316019634195319186364987354661410697604753167801167177259691798259274535313963828899395054512892298208739898816592182784001477532694415068917387837429455519744.00
gstate $h
dot 15 4.9985 3.0998 4.9981 3.0991 4.9973 3.1025 4.9964 3.1019 4.9991 3.1035 4.9956 3.1008 4.9974 3.0959 5.0009 3.1042 5.0046 3.0980 5.0027 3.0959 4.9969 3.0940 4.9945 3.1011 5.0018 3.1070 5.0037 3.1064 4.9941 3.1009 4.9982 3.1058 5.0053 3.0973 4.9987 3.1066 4.9952 3.1036 4.9971 3.1055 
dot 15 5.0064 3.1037 4.9935 3.1006 5.0045 3.1068 5.0008 3.1088 4.9969 3.1067 4.9985 3.1090 4.9960 3.1055 4.9968 3.1074 4.9964 3.1065 4.9962 3.1061 4.9966 3.1075 4.9976 3.1092 4.9943 3.1038 5.0007 3.1095 4.9955 3.1069 5.0041 3.0914 4.9926 3.0998 4.9967 3.1094 5.0047 3.0910 4.9960 3.0914 
dot 15 5.0009 3.1104 4.9940 3.1098 4.9934 3.1094 4.9924 3.1069 5.0075 3.1052 4.9988 3.1112 4.9954 3.1109 5.0057 3.1080 4.9934 3.1100 5.0081 3.1037 4.9996 3.1112 4.9978 3.1114 4.9923 3.0947 4.9925 3.1099 4.9904 3.1055 4.9934 3.1109 4.9988 3.1118 5.0043 3.1098 5.0094 3.1001 5.0090 3.1028 
dot 15 4.9931 3.1111 4.9909 3.0970 5.0083 3.1054 5.0109 3.0946 4.9905 3.1098 4.9898 3.1029 4.9900 3.1008 5.0051 3.1099 5.0098 3.1018 4.9892 3.1005 
clear
gstate $g
if {[check_session]} return
translate 0 90
scale 0.03
text 15 0 0 {META RECORDED DIRECTIONAL }
text 15 0 -100 TARGET=1E-06
text 15 0 -200 BEST=1.179E-06
text 15 0 -300 GENERATION=14
text 15 0 -500 PARENTS=-9266128936674546510708803659540666989570440318463045266854634092789923316019634195319186364987354661410697604753167801167177259691798259274535313963828899395054512892298208739898816592182784001477532694415068917387837429455519744.00
gstate $h
dot 15 4.9994 3.0993 4.9992 3.1007 5.0007 3.1014 4.9985 3.0998 4.9985 3.0987 5.0022 3.0987 4.9994 3.0976 4.9981 3.0991 4.9972 3.1000 4.9996 3.1029 4.9983 3.0980 4.9969 3.0993 5.0039 3.0998 4.9973 3.1025 4.9964 3.1019 5.0045 3.1003 4.9973 3.0978 4.9991 3.1035 4.9956 3.1008 4.9983 3.0970 
dot 15 4.9992 3.1036 4.9994 3.0964 4.9979 3.0966 5.0050 3.1000 4.9990 3.0963 4.9982 3.1037 4.9974 3.0959 5.0004 3.0960 4.9974 3.1035 5.0009 3.1042 5.0046 3.0981 4.9994 3.0956 5.0046 3.0980 4.9972 3.1037 4.9970 3.1036 4.9962 3.1031 4.9993 3.1046 5.0032 3.0963 5.0027 3.0959 4.9969 3.0940 
dot 15 4.9945 3.1011 5.0018 3.1070 5.0037 3.1064 4.9971 3.0932 4.9956 3.1032 5.0013 3.1073 4.9941 3.1009 4.9973 3.0926 4.9990 3.1063 5.0029 3.0951 4.9936 3.0979 4.9982 3.1058 4.9959 3.0933 5.0053 3.0973 4.9987 3.1066 4.9996 3.0918 4.9934 3.0993 4.9952 3.1036 4.9971 3.1055 4.9985 3.0915 
dot 15 4.9932 3.0997 4.9996 3.0911 4.9980 3.0913 4.9959 3.1055 5.0015 3.1093 5.0037 3.0911 4.9931 3.0957 5.0020 3.0901 5.0045 3.0912 5.0015 3.0899 
