notice "Gaussian valley"
set g [gstate]
scale 2.500 2.500
translate 20.000 20.000
set h [gstate]
clear
gstate $g
translate 0 90
scale 0.03
text 15 0 0 {META RECORDED DIRECTIONAL }
text 15 0 -100 TARGET=-1
text 15 0 -200 BEST=2.077E+06
text 15 0 -300 GENERATION=0
text 15 0 -500 PARENTS=-9266128936674546510708803659540666989570440318463045266854634092789923316019634195319186364987354661410697604753167801167177259691798259274535313963828899395054512892298208739898816592182784001477532694415068917387837429455519744.00
gstate $h
dot 15 18.5016 5.0897 18.5181 5.0969 18.5038 5.0764 18.5178 5.0879 18.5245 5.0872 18.5193 5.0810 18.5050 5.0658 18.5457 5.0941 18.5176 5.0564 18.5216 5.0591 18.5508 5.0871 18.5428 5.0758 18.5131 5.0422 18.5351 5.0630 18.5388 5.0641 18.5477 5.0699 18.5251 5.0466 18.5735 5.0925 18.5330 5.0503 18.5026 5.0199 
dot 15 18.5536 5.0668 18.5006 5.0132 18.5543 5.0662 18.5607 5.0722 18.5059 5.0169 18.5071 5.0177 18.5842 5.0944 18.5110 5.0199 18.5517 5.0604 18.5478 5.0537 18.5061 5.0117 18.5196 5.0243 18.5132 5.0151 18.5511 5.0525 18.5268 5.0275 18.5694 5.0687 18.5867 5.0855 18.5871 5.0836 18.5420 5.0379 18.5083 5.0012 
dot 15 18.5181 5.0067 18.5635 5.0521 18.6064 5.0944 18.5399 5.0273 18.5945 5.0792 18.6151 5.0987 18.5527 5.0359 18.5184 5.0014 18.5706 5.0515 18.6120 5.0921 18.5719 5.0520 18.6021 5.0807 18.5766 5.0526 18.5756 5.0466 18.5945 5.0627 18.5479 5.0139 18.5546 5.0204 18.5504 5.0158 18.6027 5.0674 18.5786 5.0412 
dot 15 18.5749 5.0367 18.5700 5.0290 18.6337 5.0922 18.5640 5.0196 18.6009 5.0552 18.6334 5.0877 18.5895 5.0436 18.6172 5.0703 18.5813 5.0321 18.6005 5.0491 
clear
gstate $g
translate 0 90
scale 0.03
text 15 0 0 {META RECORDED DIRECTIONAL }
text 15 0 -100 TARGET=-1
text 15 0 -200 BEST=2.05E+06
text 15 0 -300 GENERATION=1
text 15 0 -500 PARENTS=-9266128936674546510708803659540666989570440318463045266854634092789923316019634195319186364987354661410697604753167801167177259691798259274535313963828899395054512892298208739898816592182784001477532694415068917387837429455519744.00
gstate $h
dot 15 18.4243 5.1072 18.4251 5.0791 18.4650 5.1165 18.4831 5.1338 18.4761 5.1218 18.4970 5.1413 18.4992 5.1429 18.4730 5.1112 18.4766 5.1137 18.4746 5.1097 18.5028 5.1361 18.4455 5.0755 18.4773 5.1020 18.4312 5.0551 18.4919 5.1149 18.4708 5.0937 18.5159 5.1388 18.4820 5.1011 18.4646 5.0834 18.4940 5.1110 
dot 15 18.5292 5.1440 18.4892 5.0995 18.4770 5.0857 18.4648 5.0718 18.5112 5.1169 18.4874 5.0913 18.5457 5.1483 18.5106 5.1122 18.4832 5.0840 18.4513 5.0508 18.4851 5.0845 18.5118 5.1107 18.4323 5.0311 18.5249 5.1230 18.4939 5.0908 18.5111 5.1047 18.5098 5.1028 18.5234 5.1163 18.5059 5.0987 18.4908 5.0819 
dot 15 18.5016 5.0897 18.4361 5.0214 18.4960 5.0808 18.5063 5.0906 18.5269 5.1100 18.5245 5.1071 18.5209 5.1034 18.5847 5.1665 18.5770 5.1580 18.4722 5.0529 18.5086 5.0889 18.5181 5.0969 18.4770 5.0545 18.5641 5.1402 18.5312 5.1071 18.5206 5.0964 18.5496 5.1248 18.5459 5.1211 18.5494 5.1243 18.4692 5.0437 
dot 15 18.5338 5.1079 18.5236 5.0974 18.5038 5.0764 18.5006 5.0719 18.5236 5.0943 18.5178 5.0879 18.4623 5.0321 18.5306 5.1000 18.5543 5.1220 18.5395 5.1060 
clear
gstate $g
translate 0 90
scale 0.03
text 15 0 0 {META RECORDED DIRECTIONAL }
text 15 0 -100 TARGET=-1
text 15 0 -200 BEST=1.907E+06
text 15 0 -300 GENERATION=2
text 15 0 -500 PARENTS=-9266128936674546510708803659540666989570440318463045266854634092789923316019634195319186364987354661410697604753167801167177259691798259274535313963828899395054512892298208739898816592182784001477532694415068917387837429455519744.00
gstate $h
dot 15 18.2186 5.4107 18.1325 5.2293 18.4455 5.5265 18.1825 5.2323 18.3682 5.3067 18.4498 5.3800 18.3728 5.2911 18.4938 5.4080 18.3458 5.2487 18.2896 5.1889 18.3139 5.2115 18.3077 5.2048 18.4155 5.3106 18.4942 5.3770 18.3442 5.2016 18.3520 5.2012 18.3261 5.1752 18.3076 5.1474 18.4160 5.2383 18.3404 5.1603 
dot 15 18.3274 5.1450 18.3519 5.1640 18.3267 5.1367 18.3448 5.1472 18.3552 5.1494 18.2928 5.0867 18.2940 5.0846 18.3824 5.1716 18.4243 5.2119 18.4429 5.2289 18.4131 5.1973 18.3024 5.0859 18.4779 5.2596 18.4737 5.2538 18.4135 5.1934 18.2243 5.0037 18.4149 5.1917 18.3642 5.1405 18.4642 5.2388 18.3787 5.1520 
dot 15 18.3321 5.1053 18.4568 5.2287 18.5016 5.2732 18.4313 5.2016 18.4296 5.1970 18.4039 5.1688 18.3737 5.1379 18.3287 5.0872 18.4075 5.1651 18.4625 5.2197 18.3569 5.1132 18.4112 5.1648 18.3001 5.0529 18.3489 5.0955 18.3311 5.0761 18.4040 5.1488 18.3006 5.0442 18.4255 5.1673 18.4678 5.2082 18.4560 5.1949 
dot 15 18.4459 5.1846 18.4256 5.1639 18.4039 5.1419 18.4075 5.1423 18.4434 5.1781 18.4016 5.1356 18.3839 5.1162 18.4010 5.1309 18.4229 5.1525 18.4666 5.1942 
clear
gstate $g
translate 0 90
scale 0.03
text 15 0 0 {META RECORDED DIRECTIONAL }
text 15 0 -100 TARGET=-1
text 15 0 -200 BEST=1.58E+06
text 15 0 -300 GENERATION=3
text 15 0 -500 PARENTS=-9266128936674546510708803659540666989570440318463045266854634092789923316019634195319186364987354661410697604753167801167177259691798259274535313963828899395054512892298208739898816592182784001477532694415068917387837429455519744.00
gstate $h
dot 15 17.6550 6.0860 17.2659 5.5549 17.7407 5.9833 18.3142 6.5541 18.3035 6.4747 17.4681 5.5715 17.8462 5.8570 18.3339 6.2909 18.2934 6.2061 18.3360 6.2348 18.3248 6.1951 18.2509 6.0673 17.9506 5.7354 18.3116 6.0867 17.7998 5.5692 18.3762 6.1260 18.0611 5.8052 17.9845 5.6880 18.5173 6.1652 18.0886 5.7119 
dot 15 17.7791 5.3950 18.0243 5.6400 17.8017 5.4158 18.0993 5.7083 17.9113 5.5072 18.0601 5.6529 18.1010 5.6832 18.4496 5.9993 17.8600 5.4048 17.6552 5.1918 18.6522 6.1878 17.9556 5.4743 17.8468 5.3648 18.0900 5.5632 17.8348 5.3072 17.8470 5.3164 18.3474 5.8066 17.8656 5.3171 18.3199 5.7711 18.2652 5.7146 
dot 15 17.9630 5.4058 18.5161 5.9494 18.2022 5.6116 18.0301 5.4285 17.9015 5.2963 18.0174 5.4121 18.1933 5.5785 17.9294 5.3129 18.0894 5.4685 18.2114 5.5895 18.2282 5.5965 18.4899 5.8582 18.5185 5.8807 17.7396 5.0973 18.0341 5.3911 18.1402 5.4876 17.9979 5.3399 18.4872 5.8259 18.0650 5.3952 18.0904 5.4201 
dot 15 17.9456 5.2621 17.9989 5.3014 18.2357 5.5355 18.1129 5.4118 18.2002 5.4977 18.2345 5.5300 18.3943 5.6797 18.4673 5.7439 18.2332 5.4997 17.9731 5.2324 
clear
gstate $g
translate 0 90
scale 0.03
text 15 0 0 {META RECORDED DIRECTIONAL }
text 15 0 -100 TARGET=-1
text 15 0 -200 BEST=8.006E+05
text 15 0 -300 GENERATION=4
text 15 0 -500 PARENTS=-9266128936674546510708803659540666989570440318463045266854634092789923316019634195319186364987354661410697604753167801167177259691798259274535313963828899395054512892298208739898816592182784001477532694415068917387837429455519744.00
gstate $h
dot 15 15.1081 7.1623 16.2334 7.7587 16.2555 7.7560 16.3219 7.6881 16.7462 7.6137 15.7135 6.5443 17.7597 8.3704 17.5409 8.1476 15.9387 6.4945 15.6919 6.2175 15.2592 5.7827 18.0580 8.5629 16.8807 7.3515 17.9367 8.1973 16.2669 6.4737 18.3688 8.5579 16.5473 6.7054 16.1349 6.2332 16.8910 6.9846 18.4459 8.5380 
dot 15 16.8937 6.9841 16.9001 6.9905 16.9419 7.0274 17.7726 7.7138 18.0729 7.9919 17.1280 7.0404 18.1299 7.9941 16.9492 6.7998 18.0508 7.8846 16.2164 6.0414 17.0217 6.8345 16.9372 6.7383 17.1553 6.9527 16.3499 6.1186 18.0149 7.7690 18.1471 7.8576 17.9532 7.5671 18.2150 7.8200 17.8500 7.4407 17.9763 7.5092 
dot 15 18.5477 8.0764 18.2564 7.7733 17.8720 7.3811 16.6604 6.1403 17.1707 6.5963 18.2353 7.6514 17.2772 6.6725 18.1869 7.5812 18.0275 7.3940 18.0124 7.3599 17.1354 6.4669 18.1918 7.5206 18.0839 7.3929 18.2499 7.5477 18.4079 7.6930 17.7036 6.9556 18.0646 7.3149 17.2468 6.4932 17.7623 7.0022 18.2022 7.4323 
dot 15 17.3542 6.5358 17.9454 7.1267 17.3601 6.5312 18.2085 7.3686 16.7551 5.9133 17.8801 6.9903 17.0601 6.1648 17.9593 7.0644 17.9533 7.0471 18.2547 7.3455 
clear
gstate $g
translate 0 90
scale 0.03
text 15 0 0 {META RECORDED DIRECTIONAL }
text 15 0 -100 TARGET=-1
text 15 0 -200 BEST=2.543E+04
text 15 0 -300 GENERATION=5
text 15 0 -500 PARENTS=-9266128936674546510708803659540666989570440318463045266854634092789923316019634195319186364987354661410697604753167801167177259691798259274535313963828899395054512892298208739898816592182784001477532694415068917387837429455519744.00
gstate $h
dot 15 13.3318 12.7540 11.3269 10.1389 11.2880 10.0894 11.2072 9.9413 16.2727 14.7709 13.1791 11.5624 13.2177 11.4643 6.6506 4.8754 8.8393 6.9226 15.0616 12.8875 12.0139 9.6257 11.9099 9.5089 12.0503 9.4285 13.1554 10.4271 13.5600 10.8208 13.7088 10.7939 15.7122 12.6196 13.0114 9.7973 14.3505 11.1052 12.9029 9.3814 
dot 15 13.5260 9.9871 14.0414 10.3453 9.8512 6.1215 14.8598 10.8325 12.5933 8.4074 13.0128 8.8110 14.2766 10.0104 15.7477 11.4622 18.8429 14.4614 14.5605 10.1546 12.1515 7.6619 12.8767 8.3778 14.6385 10.1258 8.5653 4.0112 10.9430 6.3843 12.2869 7.6985 15.5502 10.8778 13.5990 8.9099 19.0025 14.2999 14.0027 9.1507 
dot 15 13.2454 8.3068 14.6810 9.6921 13.1811 8.1463 17.2422 12.1624 16.1878 10.9584 14.8084 9.5409 17.5816 12.2315 14.5370 9.1740 14.9397 9.5280 18.8518 13.2873 15.2183 9.5666 17.6570 11.9705 15.5937 9.9023 13.1958 7.4782 16.6956 10.9700 14.3374 8.5286 17.1544 11.2722 16.2942 10.3788 15.1021 9.1836 13.3527 7.3972 
dot 15 14.0411 8.0202 17.5702 11.5084 13.6795 7.5996 14.5015 8.4091 14.9368 8.7741 16.1309 9.8407 14.6394 8.3217 15.6427 9.2792 14.2188 7.8065 12.3950 5.9749 
clear
gstate $g
translate 0 90
scale 0.03
text 15 0 0 {META RECORDED DIRECTIONAL }
text 15 0 -100 TARGET=-1
text 15 0 -200 BEST=240.3
text 15 0 -300 GENERATION=6
text 15 0 -500 PARENTS=-9266128936674546510708803659540666989570440318463045266854634092789923316019634195319186364987354661410697604753167801167177259691798259274535313963828899395054512892298208739898816592182784001477532694415068917387837429455519744.00
gstate $h
dot 15 5.3635 6.2345 9.8650 10.6202 13.8868 14.6742 10.1386 10.7641 15.5418 16.1508 14.8952 16.3029 9.3115 10.8127 10.1412 10.5369 10.5411 10.8318 11.3138 13.0267 8.8734 10.6202 11.2521 13.0568 10.5151 10.5837 9.8067 11.7854 16.4038 16.4531 10.7033 12.6983 11.4891 13.4958 10.8498 10.6577 13.8220 13.5272 9.2056 11.6088 
dot 15 10.8697 10.4483 9.5679 12.0868 13.3318 12.7540 9.2018 11.7994 8.8754 11.6119 8.9647 11.7176 9.0775 11.9760 16.1819 15.2714 9.1525 12.1801 13.3647 12.2656 11.9938 15.1024 15.5046 14.3909 12.1471 15.2657 10.9124 14.0416 8.7630 11.9046 10.9701 9.7993 11.3269 10.1389 11.6020 14.7894 12.8842 11.6893 11.2880 10.0894 
dot 15 11.2072 9.9413 10.9086 14.2120 12.0200 10.6767 18.7965 17.4487 13.2330 11.8258 12.8687 11.4565 8.2125 6.7615 15.1260 18.5989 16.2727 14.7709 16.0322 19.5532 8.4135 12.0056 14.0303 12.4365 11.5306 9.9270 15.1138 13.5141 13.1791 11.5624 13.1669 11.4985 13.1457 11.4443 8.4903 12.2393 13.2177 11.4643 6.6506 4.8754 
dot 15 13.1994 11.3329 15.9344 14.0315 8.8393 6.9226 11.0048 9.0322 13.2372 11.2570 3.4499 7.4532 15.0616 12.8875 6.3942 10.5895 12.3567 10.1121 12.0139 9.6257 
clear
gstate $g
translate 0 90
scale 0.03
text 15 0 0 {META RECORDED DIRECTIONAL }
text 15 0 -100 TARGET=-1
text 15 0 -200 BEST=240.3
text 15 0 -300 GENERATION=7
text 15 0 -500 PARENTS=-9266128936674546510708803659540666989570440318463045266854634092789923316019634195319186364987354661410697604753167801167177259691798259274535313963828899395054512892298208739898816592182784001477532694415068917387837429455519744.00
gstate $h
dot 15 5.3635 6.2345 8.8737 9.9145 9.5054 10.5121 9.8592 10.8393 8.9309 9.8309 2.5403 3.8005 9.6619 10.8595 9.5484 10.7790 9.8650 10.6202 9.9706 11.2435 13.8868 14.6742 9.7372 11.0402 10.1126 10.8050 9.4732 10.8153 9.9206 11.2732 16.9447 17.6855 10.1386 10.7641 18.3219 19.5863 17.4692 18.7662 15.5418 16.1508 
dot 15 14.8952 16.3029 3.5673 5.0730 9.3115 10.8127 9.2503 9.7087 11.9135 13.4338 10.1412 10.5369 13.5343 13.9524 10.7470 12.3578 11.0155 12.6348 9.4960 11.1436 10.9189 11.2361 10.5411 10.8318 11.3138 13.0267 8.8734 10.6202 10.3810 10.6333 13.6883 15.4451 12.7001 14.4717 9.3313 11.1282 8.9008 10.7047 11.2521 13.0568 
dot 15 10.1437 10.2929 10.8553 11.0006 10.5151 10.5837 9.3761 11.3124 8.1162 10.0672 9.4523 11.4240 9.8067 11.7854 16.4038 16.4531 10.7033 12.6983 11.4891 13.4958 12.2239 12.2094 9.4489 11.5066 12.4838 12.3092 10.8498 10.6577 11.2124 11.0197 21.7148 23.9110 8.7757 11.0711 13.8220 13.5272 15.0115 17.3091 18.9960 21.2811 
dot 15 9.2056 11.6088 9.0323 11.4399 10.3143 12.7190 15.9276 15.5041 11.1785 13.6142 16.4332 15.9940 11.3426 13.8356 10.9161 10.3905 8.7466 11.3046 12.6559 12.0990 
clear
gstate $g
translate 0 90
scale 0.03
text 15 0 0 {META RECORDED DIRECTIONAL }
text 15 0 -100 TARGET=-1
text 15 0 -200 BEST=224.7
text 15 0 -300 GENERATION=8
text 15 0 -500 PARENTS=-9266128936674546510708803659540666989570440318463045266854634092789923316019634195319186364987354661410697604753167801167177259691798259274535313963828899395054512892298208739898816592182784001477532694415068917387837429455519744.00
gstate $h
dot 15 7.6868 8.7532 5.3635 6.2345 7.5193 8.4308 8.8737 9.9145 9.5054 10.5121 9.8404 10.8320 9.8829 10.8763 9.8592 10.8393 9.5193 10.5791 8.9309 9.8309 9.9228 10.8655 10.0337 11.1088 9.2520 10.3633 10.0446 11.1333 9.3665 10.4843 9.7405 10.6152 9.7399 10.5889 9.6421 10.7999 9.7198 10.8985 9.4951 10.6845 
dot 15 9.6698 10.8622 8.3970 9.1790 2.5403 3.8005 9.6619 10.8595 9.5484 10.7790 15.3743 16.4207 9.9514 11.1849 9.6690 10.9100 9.8650 10.6202 9.6318 10.8976 9.6569 10.9283 9.6306 10.9071 9.9706 11.2435 8.6606 9.3676 13.8868 14.6742 9.9741 10.6813 7.7654 8.4489 17.2314 18.3430 17.2429 18.3627 8.5882 9.9025 
dot 15 9.7372 11.0402 10.1126 10.8050 17.0228 17.8552 16.9956 17.8055 9.1995 10.5395 9.4732 10.8153 8.7378 10.0934 16.9708 17.7423 9.9206 11.2732 16.9447 17.6855 10.1386 10.7641 18.3219 19.5863 17.4692 18.7662 8.5250 9.1036 23.1867 24.1310 17.4250 18.7647 15.5418 16.1508 10.2734 10.8112 17.4426 18.8218 10.1285 10.6359 
dot 15 10.2625 10.7668 9.4824 10.9896 8.9121 9.3966 9.8180 11.3254 10.2473 10.7234 -2.3300 -1.9410 10.5010 10.9018 9.2018 10.8054 9.3696 10.9934 9.0113 9.3710 
clear
gstate $g
translate 0 90
scale 0.03
text 15 0 0 {META RECORDED DIRECTIONAL }
text 15 0 -100 TARGET=-1
text 15 0 -200 BEST=96.36
text 15 0 -300 GENERATION=9
text 15 0 -500 PARENTS=-9266128936674546510708803659540666989570440318463045266854634092789923316019634195319186364987354661410697604753167801167177259691798259274535313963828899395054512892298208739898816592182784001477532694415068917387837429455519744.00
gstate $h
dot 15 5.8436 6.8585 7.2322 8.2816 7.9153 8.9208 7.5765 8.6234 8.1839 9.1762 7.6933 8.7544 7.6868 8.7532 7.7355 8.8098 5.3635 6.2345 7.5193 8.4308 8.8737 9.9145 7.2744 8.3779 9.5054 10.5121 5.5548 6.4065 9.8081 10.8120 7.3779 8.4987 9.8289 10.8327 9.7408 10.7127 9.8404 10.8320 7.3698 8.4920 
dot 15 9.8519 10.8624 9.8087 10.7843 9.8829 10.8763 9.8159 10.8371 9.8180 10.7921 9.8592 10.8393 9.8098 10.8357 8.8453 9.7583 9.4885 10.5451 9.4704 10.5296 9.8835 10.8514 9.8023 10.8392 9.8209 10.8577 9.5193 10.5791 9.1197 10.2013 8.9309 9.8309 9.9228 10.8655 9.5776 10.6500 10.0241 10.9681 9.7990 10.8657 
dot 15 9.7825 10.8532 9.7174 10.7930 9.7717 10.8487 9.7632 10.8411 9.7465 10.8328 10.0337 11.1088 10.0892 11.0056 9.2520 10.3633 9.3254 10.4355 10.0446 11.1333 9.5782 10.4659 9.3665 10.4843 9.9114 10.8052 9.6959 10.8079 9.7496 10.6281 10.0952 10.9819 9.2500 10.3844 9.7405 10.6152 9.7441 10.8763 5.3115 6.5171 
dot 15 6.4996 7.6968 9.8867 10.7417 9.5735 10.7232 9.7399 10.5889 9.6421 10.7999 9.9637 10.8014 9.8246 10.9887 9.9441 11.1112 9.7198 10.8985 6.2845 7.0513 
clear
gstate $g
translate 0 90
scale 0.03
text 15 0 0 {META RECORDED DIRECTIONAL }
text 15 0 -100 TARGET=-1
text 15 0 -200 BEST=35.27
text 15 0 -300 GENERATION=10
text 15 0 -500 PARENTS=-9266128936674546510708803659540666989570440318463045266854634092789923316019634195319186364987354661410697604753167801167177259691798259274535313963828899395054512892298208739898816592182784001477532694415068917387837429455519744.00
gstate $h
dot 15 3.9016 4.8884 3.9965 5.0060 4.8791 5.8445 5.8436 6.8585 5.5800 6.6302 4.3490 5.2495 6.9023 7.9266 7.4701 8.4454 7.4877 8.4574 7.3925 8.4330 7.2322 8.2816 7.1421 8.0832 6.9135 7.9825 7.9153 8.9208 7.5765 8.6234 7.6838 8.7251 7.7120 8.7568 7.7367 8.7818 7.6398 8.6931 8.1839 9.1762 
dot 15 7.7030 8.7550 8.2076 9.1835 7.6983 8.7553 7.6957 8.7539 7.6962 8.7546 7.6954 8.7554 7.9738 8.9247 7.6933 8.7544 7.6906 8.7534 7.6914 8.7549 8.3000 9.2684 7.6886 8.7540 7.6868 8.7532 7.8362 8.9016 7.6812 8.7531 7.7355 8.8098 5.3635 6.2345 7.6314 8.7137 7.5193 8.4308 7.1154 8.2142 
dot 15 8.3976 9.4578 7.3428 8.4431 8.8737 9.9145 7.5441 8.6404 7.2744 8.3779 9.1724 10.1884 8.2843 9.1971 8.1522 9.0592 9.5054 10.5121 5.5118 6.3654 9.4121 10.4437 7.9172 9.0173 8.2529 9.1576 5.5548 6.4065 7.2794 8.3986 9.6943 10.7018 7.5939 8.7072 9.7656 10.7706 9.7900 10.7857 9.7967 10.7932 
dot 15 9.8081 10.8120 9.8188 10.8178 9.8123 10.8210 9.8127 10.8220 7.3779 8.4987 9.5622 10.6038 9.8289 10.8327 9.7408 10.7127 9.8404 10.8320 9.7881 10.8067 
clear
gstate $g
translate 0 90
scale 0.03
text 15 0 0 {META RECORDED DIRECTIONAL }
text 15 0 -100 TARGET=-1
text 15 0 -200 BEST=16.15
text 15 0 -300 GENERATION=11
text 15 0 -500 PARENTS=-9266128936674546510708803659540666989570440318463045266854634092789923316019634195319186364987354661410697604753167801167177259691798259274535313963828899395054512892298208739898816592182784001477532694415068917387837429455519744.00
gstate $h
dot 15 2.9348 3.9236 1.1794 2.1335 2.5148 3.4700 3.1604 4.1239 1.6437 2.5880 3.9016 4.8884 3.9965 5.0060 4.3086 5.3126 4.6696 5.6842 4.8791 5.8445 3.7395 4.6727 4.7767 5.7135 5.8436 6.8585 3.3350 4.2451 5.5800 6.6302 2.1502 3.0468 0.8488 1.7392 6.3371 7.3629 6.5278 7.5028 3.8301 4.7314 
dot 15 3.5201 4.4181 6.4700 7.4361 4.3490 5.2495 6.9023 7.9266 6.0107 7.0795 7.2530 8.2587 5.8257 6.9090 6.0437 6.9637 7.2758 8.3009 7.4323 8.4297 7.3164 8.3406 7.1116 8.0685 7.4882 8.4827 7.2441 8.2798 7.5185 8.5242 7.5334 8.5328 7.3597 8.3889 7.5289 8.5372 7.4701 8.4454 7.4877 8.4574 
dot 15 7.5776 8.5989 7.6649 8.6759 7.3925 8.4330 7.2322 8.2816 1.1611 2.2956 6.9205 7.9837 7.5215 8.5547 7.1421 8.0832 7.7461 8.7621 7.7436 8.7608 7.7380 8.7608 7.8377 8.8439 7.8177 8.8302 7.7906 8.8105 7.1295 8.1905 6.9135 7.9825 6.9395 7.8690 7.7297 8.7569 7.7323 8.7594 7.9153 8.9208 
dot 15 7.7896 8.8165 7.7280 8.7604 7.6093 8.6504 7.6357 8.6759 7.7234 8.7576 7.7779 8.8114 7.7185 8.7565 7.5765 8.6234 7.6838 8.7251 7.7510 8.7884 
clear
gstate $g
translate 0 90
scale 0.03
text 15 0 0 {META RECORDED DIRECTIONAL }
text 15 0 -100 TARGET=-1
text 15 0 -200 BEST=1.2
text 15 0 -300 GENERATION=12
text 15 0 -500 PARENTS=-9266128936674546510708803659540666989570440318463045266854634092789923316019634195319186364987354661410697604753167801167177259691798259274535313963828899395054512892298208739898816592182784001477532694415068917387837429455519744.00
gstate $h
dot 15 1.5312 2.5337 1.5651 2.5627 1.6624 2.6661 0.8146 1.7954 1.7325 2.7481 2.1217 3.1240 1.5315 2.5544 1.7369 2.7118 1.9733 2.9954 1.1423 2.1058 1.8441 2.8109 -0.9612 0.0433 2.9348 3.9236 0.9103 1.8686 2.2126 3.1779 0.8836 1.8382 1.1794 2.1335 2.3538 3.3940 1.0896 2.0371 3.3422 4.3170 
dot 15 -1.2475 -0.2189 2.5148 3.4700 1.7327 2.6803 1.6112 2.5562 3.1604 4.1239 1.6437 2.5880 3.4720 4.4417 2.9105 3.8651 3.6163 4.6437 3.9016 4.8884 3.9965 5.0060 4.2659 5.2608 4.3086 5.3126 4.3451 5.3479 2.4693 3.5301 4.1194 5.0902 2.6253 3.5638 1.8984 2.9680 2.7149 3.7804 4.6696 5.6842 
dot 15 4.4634 5.4976 4.4246 5.4608 4.5066 5.4717 3.2416 4.3061 4.6202 5.5860 -2.4873 -1.4478 4.7107 5.6730 2.7383 3.6626 5.0476 6.0658 4.8791 5.8445 3.7395 4.6727 4.6104 5.6567 4.2320 5.1700 4.5677 5.5131 5.4563 6.4325 4.2687 5.3349 5.4509 6.4822 4.7767 5.7135 5.8436 6.8585 4.0970 5.0168 
dot 15 3.3350 4.2451 4.8288 5.8950 4.8536 5.7863 1.5104 2.4086 5.5800 6.6302 2.1502 3.0468 3.9483 5.0356 6.4612 7.4652 0.8488 1.7392 1.6400 2.5308 
clear
gstate $g
translate 0 90
scale 0.03
text 15 0 0 {META RECORDED DIRECTIONAL }
text 15 0 -100 TARGET=-1
text 15 0 -200 BEST=1.2
text 15 0 -300 GENERATION=13
text 15 0 -500 PARENTS=-9266128936674546510708803659540666989570440318463045266854634092789923316019634195319186364987354661410697604753167801167177259691798259274535313963828899395054512892298208739898816592182784001477532694415068917387837429455519744.00
gstate $h
dot 15 1.5312 2.5337 1.5651 2.5627 1.5054 2.4968 1.6624 2.6661 1.5886 2.5981 1.8548 2.8562 1.3390 2.3548 0.8146 1.7954 1.7325 2.7481 0.0146 1.0251 2.1217 3.1240 1.5315 2.5544 1.7909 2.8110 -0.3822 0.6175 1.5266 2.5528 1.7369 2.7118 1.9733 2.9954 1.6045 2.5753 -0.4219 0.5935 2.5183 3.5067 
dot 15 2.8053 3.8011 1.1423 2.1058 1.8441 2.8109 2.8532 3.8592 -0.9612 0.0433 2.9348 3.9236 0.9103 1.8686 2.2126 3.1779 0.1026 1.1410 2.6054 3.5776 -0.7394 0.2332 0.8836 1.8382 1.1794 2.1335 1.7650 2.7211 3.2780 4.2676 2.3538 3.3940 2.6741 3.6382 0.9869 1.9373 0.0075 1.0542 0.9161 1.9674 
dot 15 1.0945 2.0428 -1.0948 -0.0630 1.0896 2.0371 3.3422 4.3170 0.8379 1.8930 -1.7159 -0.7250 0.2148 1.1618 0.4386 1.3843 1.9954 2.9412 -1.8961 -0.8958 1.0017 2.0598 3.5453 4.5158 3.4537 4.4184 3.1298 4.0862 1.4060 2.3434 4.1505 5.1561 2.7392 3.6847 -0.9644 0.0899 2.6713 3.7291 2.9256 3.8695 
dot 15 1.1660 2.0965 1.0242 2.0946 4.5177 5.5027 -2.4938 -1.4695 2.5455 3.4763 0.1796 1.1025 -1.8597 -0.8023 0.1346 1.0552 1.2200 2.1361 0.1664 1.2490 
clear
gstate $g
translate 0 90
scale 0.03
text 15 0 0 {META RECORDED DIRECTIONAL }
text 15 0 -100 TARGET=-1
text 15 0 -200 BEST=0.2673
text 15 0 -300 GENERATION=14
text 15 0 -500 PARENTS=-9266128936674546510708803659540666989570440318463045266854634092789923316019634195319186364987354661410697604753167801167177259691798259274535313963828899395054512892298208739898816592182784001477532694415068917387837429455519744.00
gstate $h
dot 15 1.2495 2.2481 1.1960 2.2033 1.2844 2.2784 1.5312 2.5337 1.5651 2.5627 1.0283 2.0161 1.5054 2.4968 1.6624 2.6661 1.4009 2.3894 1.1701 2.1564 1.5587 2.5495 1.5886 2.5981 1.8548 2.8562 1.3390 2.3548 1.4933 2.4788 1.8384 2.8440 1.8359 2.8427 1.5784 2.5634 1.3000 2.3180 0.8146 1.7954 
dot 15 1.9879 2.9895 0.0472 1.0411 1.7325 2.7481 2.0230 3.0300 1.7967 2.7817 1.2332 2.2118 1.9232 2.9349 0.0146 1.0251 0.7805 1.8025 2.1217 3.1240 1.8077 2.8238 1.0986 2.0754 -0.2013 0.8023 1.8765 2.8933 1.8852 2.8682 1.5315 2.5544 1.7909 2.8110 1.9415 2.9589 1.6384 2.6609 1.5820 2.5581 
dot 15 2.2827 3.2746 1.4858 2.5107 -0.1084 0.8755 -0.3822 0.6175 2.3479 3.3388 1.5266 2.5528 1.7369 2.7118 2.3004 3.2868 1.6655 2.6393 1.9733 2.9954 1.6802 2.7072 2.2186 3.2001 1.7043 2.7315 0.4687 1.4977 1.4035 2.3736 1.6045 2.5753 -0.4219 0.5935 2.5183 3.5067 2.2835 3.2595 1.3230 2.2886 
dot 15 0.9769 2.0127 1.3538 2.3901 1.2617 2.3017 1.5767 2.6161 1.2128 2.1717 1.8434 2.8014 1.4267 2.3810 1.0203 2.0675 0.2731 1.3191 1.4440 2.4913 
clear
gstate $g
translate 0 90
scale 0.03
text 15 0 0 {META RECORDED DIRECTIONAL }
text 15 0 -100 TARGET=-1
text 15 0 -200 BEST=0.04506
text 15 0 -300 GENERATION=15
text 15 0 -500 PARENTS=-9266128936674546510708803659540666989570440318463045266854634092789923316019634195319186364987354661410697604753167801167177259691798259274535313963828899395054512892298208739898816592182784001477532694415068917387837429455519744.00
gstate $h
dot 15 0.9003 1.9010 1.2495 2.2481 1.2490 2.2506 0.6784 1.6809 1.3911 2.3910 0.5896 1.5903 1.1960 2.2033 1.2844 2.2784 0.9398 1.9488 1.0772 2.0873 1.4235 2.4299 1.5312 2.5337 1.5651 2.5627 1.3484 2.3390 0.9695 1.9576 1.5984 2.5989 1.0283 2.0161 1.2045 2.2162 1.5697 2.5634 1.3650 2.3760 
dot 15 1.5054 2.4968 0.8140 1.8009 1.6624 2.6661 1.4009 2.3894 0.9533 1.9674 1.1701 2.1564 1.5587 2.5495 1.6064 2.5981 1.7319 2.7338 1.5886 2.5981 1.5751 2.5643 1.1818 2.1662 1.5643 2.5525 1.8548 2.8562 1.3390 2.3548 1.4933 2.4788 0.8618 1.8790 1.8721 2.8715 1.8384 2.8440 1.8359 2.8427 
dot 15 1.8851 2.8807 1.5719 2.5865 1.5784 2.5634 1.3000 2.3180 0.8251 1.8062 0.8146 1.7954 0.0326 1.0364 0.8988 1.9189 0.5882 1.5693 1.5168 2.5349 1.8791 2.8665 1.1989 2.2203 2.0914 3.0907 1.4660 2.4864 0.9562 1.9328 1.5187 2.4971 1.8926 2.9094 1.5583 2.5803 1.0460 2.0206 2.0157 3.0317 
dot 15 2.1206 3.1372 0.8837 1.8557 0.9448 1.9733 0.1543 1.1775 1.8935 2.9164 1.5806 2.5531 1.8632 2.8380 0.9505 1.9190 1.3937 2.3628 1.2873 2.3185 
clear
gstate $g
translate 0 90
scale 0.03
text 15 0 0 {META RECORDED DIRECTIONAL }
text 15 0 -100 TARGET=-1
text 15 0 -200 BEST=0.04506
text 15 0 -300 GENERATION=16
text 15 0 -500 PARENTS=-9266128936674546510708803659540666989570440318463045266854634092789923316019634195319186364987354661410697604753167801167177259691798259274535313963828899395054512892298208739898816592182784001477532694415068917387837429455519744.00
gstate $h
dot 15 0.9003 1.9010 1.0526 2.0569 0.7591 1.7585 1.2495 2.2481 1.2490 2.2506 1.1580 2.1627 1.2326 2.2358 0.9719 1.9776 0.7523 1.7491 0.6784 1.6809 1.3514 2.3518 0.9272 1.9342 0.8699 1.8771 0.9592 1.9515 1.3911 2.3910 0.5896 1.5903 1.1960 2.2033 1.2844 2.2784 0.9398 1.9488 1.0529 2.0433 
dot 15 0.6968 1.6888 1.0772 2.0873 1.4235 2.4299 1.5312 2.5337 1.5611 2.5636 1.5651 2.5627 1.3484 2.3390 1.3072 2.3173 0.9695 1.9576 1.0416 2.0536 1.5984 2.5989 0.4238 1.4205 1.0738 2.0858 1.0283 2.0161 1.2045 2.2162 1.1803 2.1923 1.5697 2.5634 1.3650 2.3760 0.9119 1.9253 1.5559 2.5636 
dot 15 0.9118 1.8983 0.8523 1.8662 1.2816 2.2659 0.8930 1.8761 1.5505 2.5373 0.8999 1.9171 1.5530 2.5662 1.5102 2.5241 1.5193 2.5332 1.1983 2.1806 1.5713 2.5855 0.9912 1.9727 0.9793 1.9979 0.8717 1.8528 1.1286 2.1479 1.1106 2.1301 1.0479 2.0280 1.5318 2.5486 1.1799 2.1601 1.3341 2.3147 
dot 15 1.3139 2.3337 1.7064 2.7218 1.5858 2.6039 0.8484 1.8714 0.5798 1.5560 0.8884 1.8627 1.8078 2.8289 1.1640 2.1373 1.8214 2.8427 1.1173 2.0901 
clear
gstate $g
translate 0 90
scale 0.03
text 15 0 0 {META RECORDED DIRECTIONAL }
text 15 0 -100 TARGET=-1
text 15 0 -200 BEST=0.00127
text 15 0 -300 GENERATION=17
text 15 0 -500 PARENTS=-9266128936674546510708803659540666989570440318463045266854634092789923316019634195319186364987354661410697604753167801167177259691798259274535313963828899395054512892298208739898816592182784001477532694415068917387837429455519744.00
gstate $h
dot 15 0.9824 1.9824 1.0276 2.0267 0.9288 1.9285 1.0580 2.0571 0.9003 1.9010 0.9071 1.9085 0.9029 1.9042 0.9179 1.9198 1.0605 2.0582 0.8603 1.8598 0.9735 1.9767 0.9162 1.9192 0.9870 1.9905 1.0489 2.0453 0.9094 1.9128 1.0035 2.0076 0.9021 1.9059 0.8139 1.8115 1.0526 2.0569 1.0891 2.0932 
dot 15 0.9686 1.9732 0.7591 1.7585 0.9500 1.9451 1.2495 2.2481 0.8974 1.9021 1.2490 2.2506 0.9883 1.9937 0.9137 1.9191 1.1580 2.1627 1.2326 2.2358 0.9719 1.9776 1.2770 2.2789 0.7523 1.7491 1.1698 2.1642 1.1173 2.1109 0.6784 1.6809 1.3514 2.3518 0.9272 1.9342 0.9302 1.9377 0.8699 1.8771 
dot 15 0.9592 1.9515 1.3911 2.3910 0.7636 1.7574 1.0476 2.0397 0.5896 1.5903 1.1960 2.2033 1.2844 2.2784 1.2259 2.2182 0.6120 1.6165 0.9398 1.9488 1.0529 2.0433 1.1366 2.1464 1.0103 2.0000 0.7852 1.7947 0.9605 1.9498 1.3063 2.3156 1.2827 2.2728 0.4861 1.4801 0.9326 1.9447 0.9625 1.9503 
dot 15 0.6623 1.6521 0.9676 1.9552 0.4158 1.4109 1.0844 2.0973 1.4021 2.3905 0.3281 1.3239 1.3044 2.3179 0.5980 1.5841 1.7614 2.7531 1.3444 2.3606 
clear
gstate $g
translate 0 90
scale 0.03
text 15 0 0 {META RECORDED DIRECTIONAL }
text 15 0 -100 TARGET=-1
text 15 0 -200 BEST=0.00127
text 15 0 -300 GENERATION=18
text 15 0 -500 PARENTS=-9266128936674546510708803659540666989570440318463045266854634092789923316019634195319186364987354661410697604753167801167177259691798259274535313963828899395054512892298208739898816592182784001477532694415068917387837429455519744.00
gstate $h
dot 15 0.9824 1.9824 1.0159 2.0165 1.0309 2.0316 1.0276 2.0267 1.0230 2.0220 1.0279 2.0268 0.9300 1.9298 0.9288 1.9285 1.0580 2.0571 1.0195 2.0210 0.9257 1.9262 1.0237 2.0222 1.0329 2.0314 0.9087 1.9091 0.9977 1.9996 0.9918 1.9937 0.9151 1.9162 1.0157 2.0138 0.8968 1.8968 0.9118 1.9129 
dot 15 0.9113 1.9102 0.9003 1.9010 0.9070 1.9080 0.9030 1.9040 0.8982 1.8991 0.9071 1.9085 0.8909 1.8902 0.9029 1.9042 0.8943 1.8956 0.8978 1.8964 0.9179 1.9198 1.0605 2.0582 0.9045 1.9061 0.9018 1.9035 0.8830 1.8819 0.8795 1.8785 0.9748 1.9774 0.9093 1.9113 0.9165 1.9187 0.9757 1.9729 
dot 15 1.0811 2.0834 0.8603 1.8598 1.1162 2.1180 0.9141 1.9165 0.8833 1.8814 1.0424 2.0394 0.9933 1.9964 0.9735 1.9767 0.9734 1.9767 0.8428 1.8441 0.8867 1.8842 0.9162 1.9192 0.8991 1.9019 0.9627 1.9660 1.1526 2.1509 0.8916 1.8889 1.0319 2.0284 0.9870 1.9905 1.0326 2.0291 0.8646 1.8669 
dot 15 1.0489 2.0453 0.9787 1.9749 0.9094 1.9128 0.9095 1.9060 1.0510 2.0548 1.1060 2.1026 1.0780 2.0743 1.0035 2.0076 0.9740 1.9781 0.9041 1.9005 
clear
gstate $g
translate 0 90
scale 0.03
text 15 0 0 {META RECORDED DIRECTIONAL }
text 15 0 -100 TARGET=-1
text 15 0 -200 BEST=0.0004801
text 15 0 -300 GENERATION=19
text 15 0 -500 PARENTS=-9266128936674546510708803659540666989570440318463045266854634092789923316019634195319186364987354661410697604753167801167177259691798259274535313963828899395054512892298208739898816592182784001477532694415068917387837429455519744.00
gstate $h
dot 15 0.9937 1.9939 0.9964 1.9966 0.9824 1.9824 0.9974 1.9978 1.0243 2.0244 1.0269 2.0270 1.0278 2.0277 0.9959 1.9965 1.0281 2.0279 1.0159 2.0165 0.9674 1.9670 0.9995 1.9986 0.9994 1.9985 1.0279 2.0272 1.0289 2.0281 1.0309 2.0316 1.0269 2.0261 1.0288 2.0280 1.0112 2.0122 1.0276 2.0267 
dot 15 1.0230 2.0220 0.9946 1.9957 1.0299 2.0289 1.0279 2.0268 1.0465 2.0473 1.0330 2.0318 1.0314 2.0301 0.9300 1.9298 0.9288 1.9285 0.9944 1.9959 0.9271 1.9268 1.0580 2.0571 1.0195 2.0210 0.9257 1.9262 1.0237 2.0222 1.0020 2.0004 1.0329 2.0314 1.0462 2.0475 1.0289 2.0274 0.9920 1.9936 
dot 15 1.0334 2.0319 1.0297 2.0281 1.0090 2.0107 0.9163 1.9156 0.9115 1.9120 0.9105 1.9101 0.9087 1.9091 0.9977 1.9996 0.9918 1.9937 1.0346 2.0328 0.9896 1.9877 0.9147 1.9157 0.9151 1.9162 1.0157 2.0138 0.9115 1.9105 0.8968 1.8968 0.9081 1.9071 0.9118 1.9129 1.0485 2.0503 0.9983 2.0004 
dot 15 1.0360 2.0340 1.0066 2.0088 0.8910 1.8911 0.9194 1.9179 0.8923 1.8929 0.9021 1.9033 1.0017 2.0040 1.0443 2.0421 1.0393 2.0371 0.8982 1.8970 
clear
gstate $g
translate 0 90
scale 0.03
text 15 0 0 {META RECORDED DIRECTIONAL }
text 15 0 -100 TARGET=-1
text 15 0 -200 BEST=6.756E-05
text 15 0 -300 GENERATION=20
text 15 0 -500 PARENTS=-9266128936674546510708803659540666989570440318463045266854634092789923316019634195319186364987354661410697604753167801167177259691798259274535313963828899395054512892298208739898816592182784001477532694415068917387837429455519744.00
gstate $h
dot 15 1.0006 2.0007 1.0055 2.0056 0.9985 1.9987 0.9985 1.9986 1.0006 2.0004 0.9969 1.9971 0.9924 1.9922 0.9937 1.9939 0.9901 1.9902 0.9964 1.9966 0.9994 1.9992 1.0167 2.0168 0.9824 1.9824 0.9873 1.9876 0.9974 1.9978 1.0243 2.0244 1.0272 2.0273 1.0269 2.0270 1.0278 2.0277 1.0257 2.0255 
dot 15 0.9969 1.9975 1.0267 2.0265 1.0279 2.0278 1.0283 2.0281 1.0286 2.0284 0.9959 1.9965 1.0281 2.0279 1.0270 2.0273 0.9806 1.9801 1.0283 2.0280 1.0278 2.0281 1.0159 2.0165 0.9970 1.9977 1.0000 1.9993 1.0233 2.0227 0.9674 1.9670 1.0291 2.0286 0.9762 1.9756 1.0287 2.0282 1.0283 2.0288 
dot 15 1.0312 2.0308 1.0262 2.0268 1.0213 2.0205 0.9897 1.9889 1.0289 2.0295 0.9995 1.9986 1.0158 2.0166 1.0104 2.0112 1.0299 2.0292 0.9553 1.9553 1.0300 2.0307 0.9992 1.9983 1.0273 2.0265 1.0257 2.0265 0.9994 1.9985 1.0279 2.0272 1.0289 2.0281 1.0309 2.0316 1.0269 2.0261 1.0288 2.0280 
dot 15 1.0112 2.0122 0.9482 1.9482 1.0276 2.0267 1.0294 2.0286 1.0367 2.0359 1.0325 2.0317 1.0268 2.0258 0.9628 1.9637 1.0010 1.9999 0.9860 1.9871 
clear
gstate $g
translate 0 90
scale 0.03
text 15 0 0 {META RECORDED DIRECTIONAL }
text 15 0 -100 TARGET=-1
text 15 0 -200 BEST=2.989E-05
text 15 0 -300 GENERATION=21
text 15 0 -500 PARENTS=-9266128936674546510708803659540666989570440318463045266854634092789923316019634195319186364987354661410697604753167801167177259691798259274535313963828899395054512892298208739898816592182784001477532694415068917387837429455519744.00
gstate $h
dot 15 1.0005 2.0004 1.0013 2.0014 1.0006 2.0007 0.9997 1.9997 1.0004 2.0005 0.9995 1.9994 0.9961 1.9960 0.9992 1.9993 1.0053 2.0053 0.9978 1.9977 1.0055 2.0056 0.9985 1.9987 0.9985 1.9986 0.9946 1.9945 0.9965 1.9966 1.0006 2.0004 0.9973 1.9974 0.9974 1.9972 0.9969 1.9971 1.0020 2.0018 
dot 15 0.9924 1.9922 0.9937 1.9939 0.9973 1.9975 1.0030 2.0032 0.9901 1.9902 1.0019 2.0017 0.9964 1.9966 0.9966 1.9968 0.9978 1.9976 1.0098 2.0096 0.9994 1.9992 1.0010 2.0007 0.9976 1.9973 0.9983 1.9980 1.0167 2.0168 0.9824 1.9824 1.0001 1.9998 1.0177 2.0178 0.9873 1.9876 0.9970 1.9966 
dot 15 0.9971 1.9967 1.0173 2.0171 0.9974 1.9978 0.9960 1.9964 1.0131 2.0135 0.9969 1.9974 1.0046 2.0041 1.0241 2.0242 1.0238 2.0239 1.0249 2.0250 1.0243 2.0244 1.0231 2.0229 1.0256 2.0256 1.0257 2.0257 1.0007 2.0002 1.0272 2.0273 1.0013 2.0007 1.0269 2.0270 0.9981 1.9986 1.0040 2.0034 
dot 15 1.0278 2.0277 1.0279 2.0280 1.0257 2.0255 1.0285 2.0284 1.0277 2.0275 0.9964 1.9970 1.0048 2.0054 1.0304 2.0303 1.0273 2.0275 1.0265 2.0268 
clear
gstate $g
translate 0 90
scale 0.03
text 15 0 0 {META RECORDED DIRECTIONAL }
text 15 0 -100 TARGET=-1
text 15 0 -200 BEST=5.481E-06
text 15 0 -300 GENERATION=22
text 15 0 -500 PARENTS=-9266128936674546510708803659540666989570440318463045266854634092789923316019634195319186364987354661410697604753167801167177259691798259274535313963828899395054512892298208739898816592182784001477532694415068917387837429455519744.00
gstate $h
dot 15 0.9988 1.9988 1.0016 2.0016 0.9993 1.9993 0.9987 1.9988 0.9979 1.9979 0.9999 2.0000 0.9977 1.9977 1.0007 2.0006 1.0005 2.0004 1.0002 2.0001 0.9979 1.9979 1.0013 2.0014 1.0026 2.0026 0.9989 1.9990 0.9997 1.9997 0.9979 1.9979 0.9973 1.9973 0.9961 1.9961 1.0006 2.0007 0.9997 1.9997 
dot 15 0.9960 1.9960 1.0033 2.0034 1.0043 2.0043 1.0004 2.0005 1.0048 2.0048 0.9995 1.9994 0.9961 1.9960 0.9992 1.9993 1.0053 2.0053 1.0012 2.0013 0.9992 1.9991 0.9997 1.9995 1.0044 2.0043 0.9956 1.9956 1.0005 2.0003 0.9978 1.9977 1.0055 2.0056 0.9977 1.9978 0.9985 1.9987 0.9985 1.9986 
dot 15 1.0021 2.0022 0.9946 1.9945 0.9975 1.9974 0.9965 1.9966 1.0005 2.0006 1.0006 2.0004 1.0003 2.0004 0.9980 1.9979 0.9973 1.9974 1.0012 2.0011 1.0003 2.0005 0.9999 1.9997 0.9981 1.9980 1.0002 2.0001 1.0005 2.0004 0.9994 1.9996 1.0039 2.0037 1.0060 2.0058 0.9974 1.9972 0.9969 1.9971 
dot 15 1.0009 2.0011 0.9974 1.9976 1.0019 2.0017 1.0020 2.0018 0.9969 1.9971 0.9969 1.9970 1.0014 2.0016 1.0003 2.0001 1.0044 2.0042 1.0043 2.0041 
clear
gstate $g
translate 0 90
scale 0.03
text 15 0 0 {META RECORDED DIRECTIONAL }
text 15 0 -100 TARGET=-1
text 15 0 -200 BEST=3.249E-06
text 15 0 -300 GENERATION=23
text 15 0 -500 PARENTS=-9266128936674546510708803659540666989570440318463045266854634092789923316019634195319186364987354661410697604753167801167177259691798259274535313963828899395054512892298208739898816592182784001477532694415068917387837429455519744.00
gstate $h
dot 15 1.0008 2.0008 0.9988 1.9988 1.0016 2.0016 1.0009 2.0009 0.9997 1.9997 1.0011 2.0011 0.9993 1.9993 1.0021 2.0021 0.9978 1.9978 0.9987 1.9988 0.9979 1.9979 0.9999 2.0000 1.0006 2.0007 0.9993 1.9992 1.0015 2.0014 0.9977 1.9977 1.0007 2.0006 1.0000 1.9999 1.0001 2.0000 1.0005 2.0004 
dot 15 1.0025 2.0025 1.0000 2.0000 1.0026 2.0026 1.0026 2.0026 1.0002 2.0001 0.9998 1.9998 0.9995 1.9995 0.9995 1.9996 0.9979 1.9979 0.9999 1.9999 0.9988 1.9989 0.9983 1.9983 1.0013 2.0014 1.0026 2.0026 0.9989 1.9990 0.9997 1.9997 0.9979 1.9979 1.0002 2.0001 0.9995 1.9994 1.0033 2.0032 
dot 15 0.9973 1.9973 0.9962 1.9962 1.0039 2.0039 0.9994 1.9995 1.0003 2.0003 0.9960 1.9960 0.9961 1.9961 0.9960 1.9960 1.0006 2.0007 0.9997 1.9997 0.9960 1.9961 0.9997 1.9996 0.9961 1.9961 1.0007 2.0008 1.0040 2.0040 0.9993 1.9993 0.9962 1.9961 1.0046 2.0046 0.9990 1.9991 0.9995 1.9994 
dot 15 1.0011 2.0010 1.0036 2.0037 1.0008 2.0010 0.9975 1.9976 0.9992 1.9993 1.0018 2.0017 1.0005 2.0004 0.9968 1.9967 0.9995 1.9994 0.9976 1.9977 
clear
gstate $g
translate 0 90
scale 0.03
text 15 0 0 {META RECORDED DIRECTIONAL }
text 15 0 -100 TARGET=-1
text 15 0 -200 BEST=2.274E-06
text 15 0 -300 GENERATION=24
text 15 0 -500 PARENTS=-9266128936674546510708803659540666989570440318463045266854634092789923316019634195319186364987354661410697604753167801167177259691798259274535313963828899395054512892298208739898816592182784001477532694415068917387837429455519744.00
gstate $h
dot 15 0.9993 1.9993 0.9992 1.9992 0.9991 1.9991 1.0009 2.0009 1.0008 2.0008 0.9993 1.9993 1.0004 2.0004 1.0006 2.0006 1.0011 2.0011 0.9988 1.9988 1.0010 2.0010 0.9995 1.9995 0.9997 1.9998 0.9994 1.9993 0.9990 1.9990 0.9994 1.9994 1.0016 2.0016 1.0009 2.0009 0.9983 1.9983 1.0000 2.0000 
dot 15 1.0005 2.0004 0.9992 1.9991 0.9997 1.9997 0.9992 1.9992 1.0011 2.0011 0.9993 1.9993 1.0021 2.0021 0.9996 1.9996 0.9978 1.9978 0.9987 1.9988 1.0023 2.0023 0.9979 1.9979 0.9999 2.0000 1.0006 2.0007 0.9993 1.9992 0.9985 1.9985 1.0018 2.0018 0.9990 1.9990 0.9984 1.9985 1.0024 2.0024 
dot 15 0.9992 1.9992 1.0015 2.0014 0.9977 1.9977 0.9993 1.9994 1.0017 2.0018 1.0007 2.0006 1.0000 1.9999 1.0013 2.0012 1.0026 2.0026 1.0001 2.0000 1.0005 2.0004 1.0001 2.0000 1.0002 2.0001 1.0005 2.0004 1.0023 2.0024 0.9984 1.9985 0.9999 1.9998 0.9996 1.9997 0.9994 1.9995 1.0008 2.0009 
dot 15 1.0000 2.0001 0.9993 1.9993 1.0028 2.0028 1.0001 2.0000 0.9997 1.9996 0.9997 1.9997 1.0001 2.0000 0.9992 1.9991 1.0014 2.0015 0.9996 1.9997 
clear
gstate $g
translate 0 90
scale 0.03
text 15 0 0 {META RECORDED DIRECTIONAL }
text 15 0 -100 TARGET=-1
text 15 0 -200 BEST=2.686E-07
text 15 0 -300 GENERATION=25
text 15 0 -500 PARENTS=-9266128936674546510708803659540666989570440318463045266854634092789923316019634195319186364987354661410697604753167801167177259691798259274535313963828899395054512892298208739898816592182784001477532694415068917387837429455519744.00
gstate $h
dot 15 0.9998 1.9998 0.9999 1.9999 0.9995 1.9995 0.9994 1.9994 0.9999 1.9999 0.9994 1.9994 0.9995 1.9995 0.9994 1.9994 0.9995 1.9995 0.9993 1.9993 0.9992 1.9992 1.0008 2.0008 0.9993 1.9993 0.9991 1.9991 1.0007 2.0007 1.0009 2.0009 1.0008 2.0008 0.9993 1.9993 0.9994 1.9994 1.0004 2.0004 
dot 15 1.0010 2.0010 1.0006 2.0006 1.0001 2.0001 1.0006 2.0006 1.0009 2.0009 0.9990 1.9990 1.0010 2.0010 1.0011 2.0011 0.9988 1.9988 1.0009 2.0009 1.0007 2.0007 1.0010 2.0010 0.9991 1.9991 1.0009 2.0009 1.0012 2.0012 1.0004 2.0004 0.9991 1.9991 0.9995 1.9995 1.0013 2.0013 0.9997 1.9998 
dot 15 0.9994 1.9993 0.9987 1.9987 0.9999 1.9999 1.0007 2.0007 0.9994 1.9993 0.9994 1.9993 0.9985 1.9985 0.9993 1.9994 0.9990 1.9990 1.0008 2.0007 1.0013 2.0013 0.9994 1.9994 1.0015 2.0015 1.0016 2.0016 1.0011 2.0012 0.9986 1.9986 1.0009 2.0009 0.9983 1.9983 1.0001 2.0000 1.0011 2.0011 
dot 15 1.0000 2.0000 1.0006 2.0006 1.0016 2.0017 1.0005 2.0006 0.9980 1.9980 1.0013 2.0012 0.9990 1.9990 0.9979 1.9979 0.9977 1.9977 1.0016 2.0016 
clear
gstate $g
translate 0 90
scale 0.03
text 15 0 0 {META RECORDED DIRECTIONAL }
text 15 0 -100 TARGET=-1
text 15 0 -200 BEST=1.141E-07
text 15 0 -300 GENERATION=26
text 15 0 -500 PARENTS=-9266128936674546510708803659540666989570440318463045266854634092789923316019634195319186364987354661410697604753167801167177259691798259274535313963828899395054512892298208739898816592182784001477532694415068917387837429455519744.00
gstate $h
dot 15 0.9998 1.9998 0.9998 1.9998 0.9998 1.9998 0.9998 1.9998 0.9997 1.9997 0.9997 1.9997 0.9997 1.9998 0.9999 1.9999 0.9998 1.9998 0.9995 1.9995 0.9996 1.9996 1.0004 2.0004 0.9995 1.9995 0.9995 1.9995 0.9994 1.9994 1.0000 2.0000 0.9995 1.9996 0.9997 1.9997 0.9994 1.9994 0.9996 1.9996 
dot 15 0.9994 1.9994 0.9999 1.9999 0.9995 1.9995 0.9994 1.9994 0.9995 1.9995 0.9995 1.9995 0.9994 1.9994 0.9995 1.9995 0.9993 1.9993 0.9994 1.9994 1.0004 2.0004 0.9992 1.9992 1.0008 2.0008 1.0008 2.0008 0.9993 1.9993 0.9994 1.9994 0.9995 1.9996 0.9991 1.9991 1.0007 2.0007 0.9995 1.9995 
dot 15 0.9993 1.9993 1.0009 2.0009 1.0004 2.0004 1.0008 2.0008 0.9994 1.9994 0.9993 1.9993 1.0008 2.0008 0.9994 1.9994 0.9993 1.9993 0.9997 1.9997 1.0004 2.0004 0.9994 1.9995 0.9995 1.9996 1.0008 2.0008 0.9993 1.9993 1.0010 2.0010 0.9994 1.9994 0.9995 1.9994 0.9996 1.9996 0.9991 1.9991 
dot 15 0.9997 1.9997 0.9995 1.9995 0.9994 1.9994 0.9993 1.9993 0.9994 1.9993 0.9998 1.9998 1.0008 2.0008 1.0005 2.0004 0.9989 1.9989 0.9994 1.9995 
clear
gstate $g
translate 0 90
scale 0.03
text 15 0 0 {META RECORDED DIRECTIONAL }
text 15 0 -100 TARGET=-1
text 15 0 -200 BEST=5.007E-08
text 15 0 -300 GENERATION=27
text 15 0 -500 PARENTS=-9266128936674546510708803659540666989570440318463045266854634092789923316019634195319186364987354661410697604753167801167177259691798259274535313963828899395054512892298208739898816592182784001477532694415068917387837429455519744.00
gstate $h
dot 15 0.9999 1.9999 0.9999 1.9999 0.9998 1.9998 0.9999 1.9999 0.9998 1.9998 0.9999 1.9999 0.9998 1.9998 0.9998 1.9998 0.9999 1.9999 0.9998 1.9998 0.9998 1.9998 0.9998 1.9998 0.9998 1.9998 0.9999 1.9999 0.9997 1.9997 0.9997 1.9997 0.9998 1.9998 0.9997 1.9997 0.9997 1.9997 0.9998 1.9998 
dot 15 0.9997 1.9997 0.9997 1.9997 0.9997 1.9997 0.9999 1.9999 0.9997 1.9997 0.9997 1.9998 0.9999 1.9999 0.9997 1.9997 0.9997 1.9997 0.9996 1.9996 0.9996 1.9996 0.9998 1.9998 0.9998 1.9998 0.9995 1.9995 0.9998 1.9998 0.9998 1.9998 0.9996 1.9996 1.0004 2.0004 0.9999 1.9999 0.9995 1.9995 
dot 15 0.9995 1.9995 0.9995 1.9995 0.9995 1.9995 0.9995 1.9995 0.9997 1.9997 0.9998 1.9998 0.9995 1.9995 0.9995 1.9995 0.9994 1.9994 0.9994 1.9994 1.0000 2.0000 0.9995 1.9995 0.9995 1.9996 0.9997 1.9997 0.9994 1.9994 0.9996 1.9996 0.9994 1.9994 0.9994 1.9994 0.9994 1.9994 1.0000 2.0000 
dot 15 0.9994 1.9994 0.9994 1.9994 0.9995 1.9994 0.9994 1.9994 0.9996 1.9996 0.9995 1.9995 0.9995 1.9995 0.9998 1.9998 0.9997 1.9996 0.9997 1.9996 
clear
gstate $g
translate 0 90
scale 0.03
text 15 0 0 {META RECORDED DIRECTIONAL }
text 15 0 -100 TARGET=-1
text 15 0 -200 BEST=2.444E-08
text 15 0 -300 GENERATION=28
text 15 0 -500 PARENTS=-9266128936674546510708803659540666989570440318463045266854634092789923316019634195319186364987354661410697604753167801167177259691798259274535313963828899395054512892298208739898816592182784001477532694415068917387837429455519744.00
gstate $h
dot 15 0.9999 1.9999 0.9999 1.9999 0.9999 1.9999 1.0000 2.0000 0.9999 1.9999 0.9999 1.9999 0.9998 1.9998 0.9998 1.9998 0.9999 1.9999 0.9998 1.9998 1.0001 2.0001 0.9999 1.9999 0.9998 1.9998 0.9998 1.9998 0.9998 1.9998 0.9999 1.9999 0.9998 1.9998 0.9998 1.9998 0.9998 1.9998 0.9998 1.9998 
dot 15 0.9998 1.9998 0.9999 1.9999 0.9998 1.9998 0.9998 1.9998 0.9998 1.9998 0.9999 1.9999 0.9997 1.9997 0.9998 1.9998 0.9998 1.9998 0.9997 1.9997 0.9997 1.9997 0.9998 1.9998 0.9997 1.9997 1.0003 2.0003 0.9997 1.9997 0.9998 1.9998 0.9998 1.9998 0.9997 1.9997 0.9998 1.9998 0.9998 1.9998 
dot 15 0.9998 1.9998 0.9998 1.9998 0.9997 1.9997 1.0001 2.0001 0.9999 1.9999 0.9998 1.9998 0.9997 1.9997 0.9998 1.9998 1.0001 2.0001 0.9999 1.9999 0.9998 1.9998 0.9998 1.9998 0.9997 1.9997 0.9997 1.9997 0.9998 1.9998 0.9997 1.9997 0.9997 1.9997 0.9996 1.9996 1.0000 2.0000 0.9999 2.0000 
dot 15 1.0003 2.0003 0.9998 1.9998 0.9998 1.9998 1.0003 2.0003 0.9999 1.9999 0.9996 1.9996 0.9996 1.9996 0.9996 1.9996 0.9997 1.9997 0.9998 1.9999 
clear
gstate $g
translate 0 90
scale 0.03
text 15 0 0 {META RECORDED DIRECTIONAL }
text 15 0 -100 TARGET=-1
text 15 0 -200 BEST=2.734E-09
text 15 0 -300 GENERATION=29
text 15 0 -500 PARENTS=-9266128936674546510708803659540666989570440318463045266854634092789923316019634195319186364987354661410697604753167801167177259691798259274535313963828899395054512892298208739898816592182784001477532694415068917387837429455519744.00
gstate $h
dot 15 1.0000 2.0000 0.9999 1.9999 0.9999 1.9999 0.9999 1.9999 1.0000 2.0000 1.0000 2.0000 0.9999 1.9999 0.9999 1.9999 0.9999 1.9999 1.0000 2.0000 1.0000 2.0000 0.9999 1.9999 0.9999 1.9999 0.9998 1.9998 0.9998 1.9998 1.0001 2.0001 0.9998 1.9998 0.9998 1.9998 0.9999 1.9999 1.0002 2.0002 
dot 15 0.9998 1.9998 0.9999 1.9999 0.9998 1.9998 0.9998 1.9998 0.9998 1.9998 0.9998 1.9998 0.9998 1.9998 1.0000 2.0000 1.0001 2.0001 0.9999 1.9999 0.9998 1.9998 0.9998 1.9998 0.9998 1.9998 0.9998 1.9998 0.9998 1.9998 0.9998 1.9998 0.9999 1.9999 0.9998 1.9998 0.9999 1.9999 0.9998 1.9998 
dot 15 0.9998 1.9998 0.9998 1.9998 0.9998 1.9998 0.9998 1.9998 0.9998 1.9998 0.9999 1.9999 0.9998 1.9998 0.9999 1.9999 0.9997 1.9997 0.9998 1.9998 1.0001 2.0001 0.9998 1.9998 0.9998 1.9998 1.0001 2.0001 0.9998 1.9998 0.9998 1.9998 0.9998 1.9998 0.9997 1.9997 0.9999 1.9999 1.0001 2.0001 
dot 15 1.0001 2.0001 0.9997 1.9998 0.9998 1.9998 0.9999 1.9999 0.9998 1.9998 0.9996 1.9996 1.0000 2.0000 0.9997 1.9997 0.9998 1.9998 0.9999 1.9999 
clear
gstate $g
translate 0 90
scale 0.03
text 15 0 0 {META RECORDED DIRECTIONAL }
text 15 0 -100 TARGET=-1
text 15 0 -200 BEST=2.734E-09
text 15 0 -300 GENERATION=30
text 15 0 -500 PARENTS=-9266128936674546510708803659540666989570440318463045266854634092789923316019634195319186364987354661410697604753167801167177259691798259274535313963828899395054512892298208739898816592182784001477532694415068917387837429455519744.00
gstate $h
dot 15 1.0000 2.0000 1.0000 2.0000 1.0000 2.0000 1.0000 2.0000 1.0000 2.0000 0.9999 1.9999 0.9999 1.9999 1.0000 2.0000 0.9999 1.9999 0.9999 1.9999 0.9999 1.9999 1.0000 2.0000 1.0000 2.0000 1.0000 2.0000 0.9999 1.9999 0.9999 1.9999 0.9999 1.9999 0.9999 1.9999 0.9999 1.9999 0.9999 1.9999 
dot 15 1.0000 2.0000 1.0000 2.0000 1.0001 2.0001 1.0000 2.0000 1.0000 2.0000 1.0000 2.0000 0.9999 1.9999 1.0000 2.0000 0.9999 1.9999 0.9999 1.9999 0.9998 1.9998 1.0001 2.0001 0.9999 1.9999 0.9998 1.9998 0.9999 1.9999 0.9998 1.9998 1.0001 2.0001 0.9998 1.9998 1.0001 2.0001 0.9999 1.9999 
dot 15 1.0000 2.0000 0.9998 1.9998 1.0000 2.0000 0.9999 1.9999 0.9998 1.9998 0.9999 1.9999 1.0002 2.0002 1.0001 2.0001 0.9998 1.9998 0.9999 1.9999 0.9999 1.9999 0.9998 1.9998 1.0002 2.0002 0.9999 1.9999 0.9998 1.9998 0.9999 1.9999 0.9999 1.9999 0.9998 1.9998 0.9998 1.9997 0.9998 1.9998 
dot 15 0.9998 1.9998 1.0001 2.0001 0.9998 1.9998 0.9998 1.9998 1.0001 2.0001 0.9997 1.9997 1.0001 2.0001 1.0003 2.0003 1.0000 2.0000 0.9998 1.9998 
clear
gstate $g
translate 0 90
scale 0.03
text 15 0 0 {META RECORDED DIRECTIONAL }
text 15 0 -100 TARGET=-1
text 15 0 -200 BEST=2.734E-09
text 15 0 -300 GENERATION=31
text 15 0 -500 PARENTS=-9266128936674546510708803659540666989570440318463045266854634092789923316019634195319186364987354661410697604753167801167177259691798259274535313963828899395054512892298208739898816592182784001477532694415068917387837429455519744.00
gstate $h
dot 15 1.0000 2.0000 1.0000 2.0000 1.0000 2.0000 1.0000 2.0000 1.0000 2.0000 1.0000 2.0000 1.0000 2.0000 1.0000 2.0000 1.0000 2.0000 1.0000 2.0000 0.9999 1.9999 1.0000 2.0000 0.9999 1.9999 0.9999 1.9999 1.0000 2.0000 1.0000 2.0000 0.9999 1.9999 1.0000 2.0000 0.9999 1.9999 0.9999 1.9999 
dot 15 1.0001 2.0001 0.9999 1.9999 0.9999 1.9999 0.9999 1.9999 0.9999 1.9999 0.9999 1.9999 0.9999 1.9999 1.0000 2.0000 1.0000 2.0000 1.0000 2.0000 1.0000 2.0000 0.9999 1.9999 0.9999 1.9999 1.0000 2.0000 1.0000 2.0000 0.9999 1.9999 1.0000 2.0000 0.9999 1.9999 0.9999 1.9999 0.9999 1.9999 
dot 15 1.0000 2.0000 0.9999 1.9999 0.9999 1.9999 0.9999 1.9999 0.9999 1.9999 0.9999 1.9999 0.9999 1.9999 0.9999 1.9999 0.9999 1.9999 0.9999 1.9999 0.9999 1.9999 1.0000 2.0000 1.0000 2.0000 1.0000 2.0000 0.9999 1.9999 0.9999 1.9999 0.9998 1.9998 0.9998 1.9998 0.9999 1.9999 0.9999 1.9999 
dot 15 0.9999 1.9999 1.0001 2.0001 0.9999 1.9999 1.0000 2.0000 0.9999 1.9999 0.9999 1.9999 1.0000 2.0000 0.9999 1.9999 1.0001 2.0001 1.0000 2.0000 
clear
gstate $g
translate 0 90
scale 0.03
text 15 0 0 {META RECORDED DIRECTIONAL }
text 15 0 -100 TARGET=-1
text 15 0 -200 BEST=2.734E-09
text 15 0 -300 GENERATION=32
text 15 0 -500 PARENTS=-9266128936674546510708803659540666989570440318463045266854634092789923316019634195319186364987354661410697604753167801167177259691798259274535313963828899395054512892298208739898816592182784001477532694415068917387837429455519744.00
gstate $h
dot 15 1.0000 2.0000 1.0000 2.0000 1.0000 2.0000 1.0000 2.0000 1.0000 2.0000 1.0000 2.0000 1.0000 2.0000 1.0000 2.0000 0.9999 1.9999 0.9999 1.9999 1.0000 2.0000 1.0000 2.0000 1.0000 2.0000 0.9999 1.9999 1.0000 2.0000 1.0000 2.0000 0.9999 1.9999 1.0000 2.0000 1.0000 2.0000 0.9999 1.9999 
dot 15 0.9999 1.9999 1.0000 2.0000 0.9999 1.9999 0.9999 1.9999 0.9999 1.9999 1.0000 2.0000 0.9999 1.9999 1.0000 2.0000 1.0000 2.0000 1.0000 2.0000 0.9999 1.9999 1.0000 2.0000 1.0000 2.0000 1.0000 2.0000 0.9999 1.9999 0.9999 1.9999 0.9999 1.9999 0.9999 1.9999 0.9999 1.9999 1.0001 2.0001 
dot 15 0.9999 1.9999 1.0001 2.0001 1.0001 2.0001 0.9999 1.9999 0.9999 1.9999 0.9999 1.9999 0.9999 1.9999 1.0000 2.0000 1.0001 2.0001 1.0001 2.0001 0.9999 1.9999 0.9999 1.9999 1.0000 2.0000 1.0000 2.0000 1.0002 2.0002 0.9999 1.9999 1.0001 2.0001 1.0000 2.0000 1.0000 2.0000 0.9998 1.9998 
dot 15 1.0000 2.0000 1.0000 2.0000 1.0001 2.0001 0.9999 1.9999 1.0002 2.0002 1.0001 2.0001 0.9999 1.9999 0.9998 1.9998 1.0001 2.0001 0.9999 1.9999 
clear
gstate $g
translate 0 90
scale 0.03
text 15 0 0 {META RECORDED DIRECTIONAL }
text 15 0 -100 TARGET=-1
text 15 0 -200 BEST=2.734E-09
text 15 0 -300 GENERATION=33
text 15 0 -500 PARENTS=-9266128936674546510708803659540666989570440318463045266854634092789923316019634195319186364987354661410697604753167801167177259691798259274535313963828899395054512892298208739898816592182784001477532694415068917387837429455519744.00
gstate $h
dot 15 1.0000 2.0000 1.0000 2.0000 1.0000 2.0000 1.0000 2.0000 1.0000 2.0000 1.0000 2.0000 1.0000 2.0000 1.0000 2.0000 1.0000 2.0000 1.0000 2.0000 1.0000 2.0000 1.0000 2.0000 1.0000 2.0000 1.0000 2.0000 1.0000 2.0000 1.0000 2.0000 1.0000 2.0000 0.9999 1.9999 0.9999 1.9999 1.0000 2.0000 
dot 15 1.0000 2.0000 1.0000 2.0000 1.0000 2.0000 0.9999 1.9999 0.9999 1.9999 1.0000 2.0000 0.9999 1.9999 1.0000 2.0000 0.9999 1.9999 0.9999 1.9999 1.0000 2.0000 1.0000 2.0000 0.9999 1.9999 1.0001 2.0001 0.9999 1.9999 0.9999 1.9999 0.9999 1.9999 1.0000 2.0000 0.9999 1.9999 1.0001 2.0001 
dot 15 0.9999 1.9999 1.0000 2.0000 0.9999 1.9999 0.9999 1.9999 1.0000 2.0000 0.9999 1.9999 0.9999 1.9999 1.0000 2.0000 0.9999 1.9999 1.0000 2.0000 0.9999 1.9999 0.9999 1.9999 1.0000 2.0000 0.9999 1.9999 1.0000 2.0000 1.0000 2.0000 1.0000 2.0000 0.9999 1.9999 0.9999 1.9999 0.9999 1.9999 
dot 15 1.0001 2.0001 1.0000 2.0000 1.0000 2.0000 0.9999 1.9999 0.9999 1.9999 1.0002 2.0002 1.0002 2.0002 1.0001 2.0001 0.9999 1.9999 1.0000 2.0000 
clear
gstate $g
translate 0 90
scale 0.03
text 15 0 0 {META RECORDED DIRECTIONAL }
text 15 0 -100 TARGET=-1
text 15 0 -200 BEST=4.281E-10
text 15 0 -300 GENERATION=34
text 15 0 -500 PARENTS=-9266128936674546510708803659540666989570440318463045266854634092789923316019634195319186364987354661410697604753167801167177259691798259274535313963828899395054512892298208739898816592182784001477532694415068917387837429455519744.00
gstate $h
dot 15 1.0000 2.0000 1.0000 2.0000 1.0000 2.0000 1.0000 2.0000 1.0000 2.0000 1.0000 2.0000 1.0000 2.0000 1.0000 2.0000 1.0000 2.0000 1.0000 2.0000 1.0000 2.0000 1.0000 2.0000 1.0000 2.0000 1.0000 2.0000 1.0000 2.0000 1.0000 2.0000 1.0000 2.0000 1.0000 2.0000 1.0000 2.0000 1.0000 2.0000 
dot 15 1.0000 2.0000 1.0000 2.0000 1.0000 2.0000 1.0000 2.0000 1.0000 2.0000 1.0000 2.0000 1.0000 2.0000 1.0000 2.0000 1.0000 2.0000 1.0000 2.0000 1.0000 2.0000 1.0000 2.0000 0.9999 1.9999 1.0000 2.0000 0.9999 1.9999 1.0000 2.0000 1.0000 2.0000 1.0000 2.0000 0.9999 1.9999 1.0000 2.0000 
dot 15 1.0000 2.0000 1.0000 2.0000 1.0001 2.0001 1.0001 2.0001 1.0000 2.0000 0.9999 1.9999 1.0000 2.0000 1.0001 2.0001 1.0000 2.0000 0.9999 2.0000 0.9999 1.9999 1.0001 2.0001 0.9999 1.9999 0.9999 1.9999 0.9999 1.9999 0.9999 1.9999 1.0000 2.0000 1.0000 2.0000 1.0001 2.0001 1.0000 2.0000 
dot 15 1.0000 2.0000 1.0000 2.0000 1.0000 2.0000 1.0000 2.0000 0.9999 1.9999 1.0000 2.0000 1.0000 2.0000 0.9999 1.9999 1.0000 2.0000 0.9999 1.9999 
clear
gstate $g
translate 0 90
scale 0.03
text 15 0 0 {META RECORDED DIRECTIONAL }
text 15 0 -100 TARGET=-1
text 15 0 -200 BEST=1.794E-10
text 15 0 -300 GENERATION=35
text 15 0 -500 PARENTS=-9266128936674546510708803659540666989570440318463045266854634092789923316019634195319186364987354661410697604753167801167177259691798259274535313963828899395054512892298208739898816592182784001477532694415068917387837429455519744.00
gstate $h
dot 15 1.0000 2.0000 1.0000 2.0000 1.0000 2.0000 1.0000 2.0000 1.0000 2.0000 1.0000 2.0000 1.0000 2.0000 1.0000 2.0000 1.0000 2.0000 1.0000 2.0000 1.0000 2.0000 1.0000 2.0000 1.0000 2.0000 1.0000 2.0000 1.0000 2.0000 1.0000 2.0000 1.0000 2.0000 1.0000 2.0000 1.0000 2.0000 1.0000 2.0000 
dot 15 1.0000 2.0000 1.0000 2.0000 1.0000 2.0000 1.0000 2.0000 1.0000 2.0000 1.0000 2.0000 1.0000 2.0000 1.0000 2.0000 1.0000 2.0000 1.0000 2.0000 1.0000 2.0000 1.0000 2.0000 1.0000 2.0000 1.0000 2.0000 1.0000 2.0000 1.0000 2.0000 1.0000 2.0000 1.0000 2.0000 1.0000 2.0000 1.0000 2.0000 
dot 15 1.0000 2.0000 1.0000 2.0000 1.0000 2.0000 1.0000 2.0000 1.0000 2.0000 1.0000 2.0000 1.0000 2.0000 1.0000 2.0000 1.0000 2.0000 1.0000 2.0000 0.9999 1.9999 1.0000 2.0000 1.0000 2.0000 1.0000 2.0000 1.0000 2.0000 1.0000 2.0000 1.0000 2.0000 1.0000 2.0000 0.9999 1.9999 1.0000 2.0000 
dot 15 0.9999 2.0000 1.0001 2.0001 1.0000 2.0000 1.0000 2.0000 1.0000 2.0000 1.0000 2.0000 1.0000 2.0000 1.0000 2.0000 1.0000 2.0000 0.9999 1.9999 
gstate $g