notice "Gaussian valley"
set g [gstate]
scale 2.500 2.500
translate 20.000 20.000
set h [gstate]
clear
gstate $g
translate 0 90
scale 0.03
text 15 0 0 {META RECORDED DIRECTIONAL }
text 15 0 -100 TARGET=-1
text 15 0 -200 BEST=298.3
text 15 0 -300 GENERATION=0
text 15 0 -500 PARENTS=-9266128936674546510708803659540666989570440318463045266854634092789923316019634195319186364987354661410697604753167801167177259691798259274535313963828899395054512892298208739898816592182784001477532694415068917387837429455519744.00
gstate $h
dot 15 -4.8244 -3.9508 13.2650 14.3337 6.4544 7.2180 -7.6306 -6.8231 -2.1070 -1.4127 -10.0880 -9.4132 -1.7964 -0.2473 -0.5904 0.9715 19.4595 19.8210 8.4436 8.6581 -19.1201 -17.3744 3.5785 3.6985 16.4639 16.3074 -12.3553 -10.1685 -5.0250 -2.7460 3.4244 2.9842 -4.0258 -1.5234 3.9458 6.6532 -12.5557 -13.2579 -15.2621 -16.0116 
dot 15 -15.3077 -12.3747 3.7654 6.7387 -7.2222 -8.2631 0.8116 -0.3269 14.8090 13.6177 -11.5222 -8.2677 -14.8475 -11.3445 8.1923 6.6003 -14.9539 -16.6875 -2.0575 -3.8829 -12.5208 -8.3790 -13.5845 -15.8015 18.4667 16.2212 11.4488 15.8401 -6.6913 -1.9389 -7.5334 -2.7107 -8.8485 -3.9368 -1.0289 4.1674 -14.4501 -9.2337 -6.2170 -9.4706 
dot 15 -14.3778 -17.8414 -13.2108 -16.7404 -0.0393 5.7062 -16.0695 -19.8077 -1.6478 4.2936 -4.1934 1.8173 -11.3071 -5.2270 10.3180 16.4918 4.7744 11.0352 -3.3636 3.0335 -7.8587 -12.3030 1.4612 7.9685 -14.2769 -7.6735 8.3451 14.9891 2.7089 -2.0069 6.8622 13.5956 8.5193 3.6900 13.6428 8.5412 18.8808 13.4553 -0.6812 6.8341 
dot 15 -9.6641 -2.1242 -1.4845 -7.0963 -8.1725 -13.8404 -0.5950 7.1097 3.3956 11.3893 8.7672 16.9596 3.5885 12.0428 -5.7252 2.9094 -5.8796 -12.6014 16.7066 9.9573 
clear
gstate $g
translate 0 90
scale 0.03
text 15 0 0 {META RECORDED DIRECTIONAL }
text 15 0 -100 TARGET=-1
text 15 0 -200 BEST=58.38
text 15 0 -300 GENERATION=1
text 15 0 -500 PARENTS=-9266128936674546510708803659540666989570440318463045266854634092789923316019634195319186364987354661410697604753167801167177259691798259274535313963828899395054512892298208739898816592182784001477532694415068917387837429455519744.00
gstate $h
dot 15 -2.0525 -1.0060 -4.8244 -3.9508 10.5444 11.6061 4.4862 5.6792 -10.2905 -9.3653 13.2650 14.3337 6.4544 7.2180 -7.6306 -6.8231 -2.1070 -1.4127 -10.0880 -9.4132 -16.6651 -15.9218 2.9771 3.4419 -1.7964 -0.2473 -0.5904 0.9715 -11.5076 -11.0502 4.7034 6.3180 19.4595 19.8210 -18.3350 -16.6445 8.4436 8.6581 -6.0065 -4.1845 
dot 15 -19.1201 -17.3744 11.2904 11.4469 -11.6253 -9.7876 3.5785 3.6985 -10.6441 -8.6655 0.8639 2.8855 2.9417 4.9728 -6.5300 -6.5796 14.5433 16.5789 10.5376 12.6436 -10.4626 -10.5919 16.4639 16.3074 -4.7776 -4.9696 -12.3553 -10.1685 -15.5140 -15.7078 -0.1546 2.0935 -6.9153 -7.1723 -5.0250 -2.7460 -2.5053 -0.1568 8.8111 8.4233 
dot 15 -4.1125 -1.7078 3.4244 2.9842 -15.1659 -15.6005 -4.0258 -1.5234 0.5742 3.1209 -4.7744 -2.2113 7.1386 6.5708 -6.3659 -3.7904 -13.7779 -11.1795 11.6453 11.0310 -9.7368 -10.3619 3.9458 6.6532 -12.5557 -13.2579 -15.2621 -16.0116 3.6510 2.8661 -3.6469 -0.8406 -1.7300 -2.5695 -6.1062 -6.9746 21.0537 23.9431 -13.8728 -10.7103 
dot 15 3.3783 6.5914 3.6971 6.9206 -12.0030 -8.6943 -2.6435 0.8244 -3.9819 -5.4770 3.3052 6.8448 -14.7987 -11.1333 -7.9532 -4.2209 5.5288 9.2700 -6.0397 -2.2966 
clear
gstate $g
translate 0 90
scale 0.03
text 15 0 0 {META RECORDED DIRECTIONAL }
text 15 0 -100 TARGET=-1
text 15 0 -200 BEST=58.38
text 15 0 -300 GENERATION=2
text 15 0 -500 PARENTS=-9266128936674546510708803659540666989570440318463045266854634092789923316019634195319186364987354661410697604753167801167177259691798259274535313963828899395054512892298208739898816592182784001477532694415068917387837429455519744.00
gstate $h
dot 15 -2.0525 -1.0060 -4.8244 -3.9508 10.5444 11.6061 4.4862 5.6792 -10.2905 -9.3653 13.2650 14.3337 13.4930 14.4285 6.4544 7.2180 -7.6306 -6.8231 -0.8747 0.3842 -9.1805 -8.0128 -6.2251 -4.9722 -2.1070 -1.4127 -11.6468 -10.4499 -13.5265 -12.2763 -10.0880 -9.4132 0.4797 1.8939 -16.6651 -15.9218 4.8399 6.2937 2.9771 3.4419 
dot 15 -1.7964 -0.2473 -0.5904 0.9715 6.2241 7.7818 -21.0650 -19.6937 -11.5076 -11.0502 4.7034 6.3180 16.9900 18.5256 19.4595 19.8210 -1.3744 0.3681 3.5154 5.2580 -18.3350 -16.6445 4.9432 6.7363 8.4436 8.6581 -4.6795 -4.4800 -6.0065 -4.1845 3.3319 3.4695 -1.8031 -1.7112 -19.2157 -17.1536 -0.6674 1.4722 -0.5356 1.6357 
dot 15 -4.7095 -4.9557 19.8724 19.6628 -10.7474 -11.0278 -6.1987 -6.5154 12.6807 12.2876 3.8264 6.2573 2.7293 2.2270 8.1695 10.6890 -3.4384 -0.9116 16.7284 19.2448 -10.8537 -8.3006 -6.1838 -6.8499 2.8569 5.5478 9.0822 8.3186 -14.0131 -11.2361 -18.8255 -16.0211 4.0493 7.0324 13.0313 12.0014 2.9940 6.0699 -3.5064 -4.6222 
dot 15 1.3011 4.4256 1.3930 0.1853 13.0101 11.5913 -0.0222 3.4239 -0.9511 -2.4627 -11.1906 -12.6895 1.2508 4.7875 6.8882 10.5699 -11.9240 -13.5951 7.4999 11.1937 
clear
gstate $g
translate 0 90
scale 0.03
text 15 0 0 {META RECORDED DIRECTIONAL }
text 15 0 -100 TARGET=-1
text 15 0 -200 BEST=58.38
text 15 0 -300 GENERATION=3
text 15 0 -500 PARENTS=-9266128936674546510708803659540666989570440318463045266854634092789923316019634195319186364987354661410697604753167801167177259691798259274535313963828899395054512892298208739898816592182784001477532694415068917387837429455519744.00
gstate $h
dot 15 -2.0525 -1.0060 1.1355 2.0533 4.5565 5.6014 -1.9375 -0.8309 1.7302 2.8540 5.2874 6.1859 -4.8244 -3.9508 4.8149 5.9761 10.5444 11.6061 4.4862 5.6792 12.0086 12.9875 -10.2905 -9.3653 13.2650 14.3337 13.4930 14.4285 6.4544 7.2180 -7.6306 -6.8231 -0.8747 0.3842 -9.1805 -8.0128 5.2126 5.9572 -6.2251 -4.9722 
dot 15 15.1050 16.1698 -2.1070 -1.4127 -11.6468 -10.4499 0.0696 1.3917 -15.7295 -14.6715 -6.1417 -5.4508 -5.6194 -4.3017 -17.0982 -16.1242 -13.5265 -12.2763 5.2148 6.5898 -10.1317 -9.4544 -10.0880 -9.4132 4.4582 5.8636 7.8371 9.2262 0.4797 1.8939 -12.9411 -11.6276 -16.9675 -16.2028 13.3930 14.0361 -16.6651 -15.9218 2.9133 4.3612 
dot 15 4.8399 6.2937 5.5108 6.0523 0.1160 0.6477 -14.4244 -13.0456 2.9771 3.4419 -6.1049 -4.5697 -19.4390 -18.0373 -9.1265 -7.5794 -6.2598 -5.8232 0.8812 1.2942 6.7166 7.0862 -12.7373 -12.3257 -4.4163 -2.7531 17.6980 18.0848 3.1595 4.8562 -0.1278 1.6258 -7.2406 -7.0592 1.1409 3.0401 -16.7820 -14.9397 3.2287 3.3019 
dot 15 0.3940 2.3430 3.8516 3.8644 -5.9621 -3.9638 4.4856 6.5524 14.4262 16.4947 3.7567 5.8818 -14.1856 -14.2712 4.4976 6.6602 3.9329 6.0999 -13.3034 -13.5089 
clear
gstate $g
translate 0 90
scale 0.03
text 15 0 0 {META RECORDED DIRECTIONAL }
text 15 0 -100 TARGET=-1
text 15 0 -200 BEST=3.078
text 15 0 -300 GENERATION=4
text 15 0 -500 PARENTS=-9266128936674546510708803659540666989570440318463045266854634092789923316019634195319186364987354661410697604753167801167177259691798259274535313963828899395054512892298208739898816592182784001477532694415068917387837429455519744.00
gstate $h
dot 15 1.2006 2.1835 1.2058 2.2355 1.2199 2.1781 -2.0525 -1.0060 1.1355 2.0533 5.0683 6.0470 4.5565 5.6014 0.6529 1.7390 -1.9375 -0.8309 1.7302 2.8540 5.2874 6.1859 4.4292 5.2890 -4.8244 -3.9508 4.8149 5.9761 4.5171 5.3344 10.5444 11.6061 4.4862 5.6792 12.0086 12.9875 4.6282 5.8508 -10.2905 -9.3653 
dot 15 1.4672 2.2216 -9.2684 -8.1288 -0.9567 -0.2033 13.2650 14.3337 13.4930 14.4285 6.4544 7.2180 -7.6306 -6.8231 -0.8747 0.3842 -9.1805 -8.0128 5.2126 5.9572 5.2226 5.9646 -12.3925 -11.3243 14.4034 15.4687 1.9109 3.1964 -6.2251 -4.9722 4.7216 6.0079 7.2569 8.5248 6.6543 7.9441 4.7433 6.0554 -4.1859 -3.4976 
dot 15 4.7633 6.1070 -3.8108 -3.1650 4.8976 6.2852 0.0620 1.5155 7.9596 8.5138 8.5906 10.0549 21.7152 22.9834 5.6904 7.2020 -11.8332 -11.2983 4.1492 4.5981 4.1328 4.5623 4.4754 6.0569 1.8004 2.1848 4.9653 6.5987 12.6019 12.9434 3.3611 3.6616 4.0056 4.2570 9.2672 11.0055 8.6756 8.8893 -26.2983 -24.7069 
dot 15 6.8070 8.6205 3.2066 5.0333 -12.7882 -12.5748 5.6108 5.7505 3.9266 4.0591 2.2559 2.3764 10.1811 10.3131 8.2652 10.2210 -15.7553 -15.6621 14.4386 14.5020 
clear
gstate $g
translate 0 90
scale 0.03
text 15 0 0 {META RECORDED DIRECTIONAL }
text 15 0 -100 TARGET=-1
text 15 0 -200 BEST=0.2121
text 15 0 -300 GENERATION=5
text 15 0 -500 PARENTS=-9266128936674546510708803659540666989570440318463045266854634092789923316019634195319186364987354661410697604753167801167177259691798259274535313963828899395054512892298208739898816592182784001477532694415068917387837429455519744.00
gstate $h
dot 15 1.2295 2.2291 1.1938 2.1969 1.2006 2.1835 1.4803 2.5001 1.2058 2.2355 1.2199 2.1781 1.6028 2.6489 0.1014 1.0521 0.6946 1.6236 3.0662 4.1279 -2.0525 -1.0060 4.4994 5.4611 1.1355 2.0533 5.0683 6.0470 4.5565 5.6014 1.1527 2.2374 0.6529 1.7390 -1.9375 -0.8309 5.7694 6.8458 1.7302 2.8540 
dot 15 1.3704 2.4956 3.8726 4.9841 5.2874 6.1859 1.2838 2.1515 1.4444 2.5799 1.3440 2.4839 1.4668 2.3161 4.4292 5.2890 1.1827 2.3415 -4.8244 -3.9508 4.8149 5.9761 4.5171 5.3344 5.0251 6.2036 7.6616 8.5129 10.5444 11.6061 4.4862 5.6792 4.9959 5.8034 1.4000 2.6099 4.6617 5.8615 4.6644 5.8659 
dot 15 12.0086 12.9875 4.6734 5.8855 3.3403 4.1189 4.6282 5.8508 1.0862 2.3243 -10.2905 -9.3653 4.3630 5.1292 -2.3595 -1.1090 4.3347 5.0829 4.3591 5.0982 5.2549 5.9912 9.3226 10.5465 4.3726 5.0971 4.3615 5.0797 1.0605 2.3508 1.1200 2.4115 4.3300 5.0421 4.9498 6.2393 1.4370 2.7503 5.5727 6.2572 
dot 15 1.6324 2.3000 1.5193 2.1853 1.1984 2.5331 5.0940 6.4185 4.2966 4.9641 8.9485 10.2508 1.2595 2.6025 -9.2790 -8.5670 6.5972 7.9389 5.1982 6.5513 
clear
gstate $g
translate 0 90
scale 0.03
text 15 0 0 {META RECORDED DIRECTIONAL }
text 15 0 -100 TARGET=-1
text 15 0 -200 BEST=0.2121
text 15 0 -300 GENERATION=6
text 15 0 -500 PARENTS=-9266128936674546510708803659540666989570440318463045266854634092789923316019634195319186364987354661410697604753167801167177259691798259274535313963828899395054512892298208739898816592182784001477532694415068917387837429455519744.00
gstate $h
dot 15 1.2295 2.2291 1.1938 2.1969 1.2362 2.2319 1.3679 2.3701 1.6339 2.6318 1.1222 2.1382 1.2620 2.2457 1.2006 2.1835 1.8735 2.8688 1.2580 2.2402 1.2240 2.2053 1.4803 2.5001 1.1243 2.1011 1.8941 2.8765 1.4819 2.5061 1.9032 2.8833 1.7366 2.7140 1.6197 2.6454 1.2058 2.2355 1.2577 2.2277 
dot 15 1.2514 2.2129 1.5067 2.5455 1.2199 2.1781 1.2565 2.2145 1.4371 2.4790 1.2687 2.2217 1.6028 2.6489 1.8330 2.8805 2.1995 3.1526 0.1014 1.0521 1.5295 2.5856 1.2435 2.3081 4.5183 5.5159 0.6946 1.6236 1.0185 2.0906 3.0662 4.1279 4.4018 5.3700 -2.0525 -1.0060 1.2979 2.2208 4.4994 5.4611 
dot 15 1.1355 2.0533 5.0683 6.0470 4.5565 5.6014 1.1527 2.2374 1.3676 2.4524 1.2320 2.3170 0.6529 1.7390 4.5642 5.6218 1.1630 2.0698 5.2758 6.2357 4.5904 5.5281 1.3213 2.2254 1.3046 2.4033 1.2992 2.1985 0.9793 1.8772 1.3004 2.1977 6.2419 7.2255 1.9099 3.0146 4.9820 6.0524 1.2316 2.1244 
dot 15 1.9168 3.0279 1.1380 2.0251 4.2225 5.3153 -1.9375 -0.8309 6.0823 7.1493 5.7694 6.8458 2.1025 3.2231 1.5957 2.4722 1.7302 2.8540 2.2326 3.3566 
clear
gstate $g
translate 0 90
scale 0.03
text 15 0 0 {META RECORDED DIRECTIONAL }
text 15 0 -100 TARGET=-1
text 15 0 -200 BEST=0.1792
text 15 0 -300 GENERATION=7
text 15 0 -500 PARENTS=-9266128936674546510708803659540666989570440318463045266854634092789923316019634195319186364987354661410697604753167801167177259691798259274535313963828899395054512892298208739898816592182784001477532694415068917387837429455519744.00
gstate $h
dot 15 1.2116 2.2117 0.9605 1.9561 1.2295 2.2291 1.2321 2.2305 1.1938 2.1969 1.2377 2.2337 1.2070 2.2118 1.2362 2.2319 1.2262 2.2309 1.2383 2.2335 1.2472 2.2525 1.3679 2.3701 1.2254 2.2190 1.2690 2.2630 1.2525 2.2437 1.2461 2.2372 1.1167 2.1055 1.0439 2.0324 1.1786 2.1671 1.2242 2.2127 
dot 15 1.2453 2.2336 1.6339 2.6318 1.0867 2.0998 1.5772 2.5684 1.5889 2.5975 1.2457 2.2308 1.7584 2.7526 1.1222 2.1382 1.2239 2.2401 1.2620 2.2457 1.2006 2.1835 1.8735 2.8688 1.2055 2.2232 1.4789 2.4946 1.2580 2.2402 1.2301 2.2118 1.2657 2.2475 1.2240 2.2053 1.2406 2.2214 1.2215 2.2408 
dot 15 1.1336 2.1132 1.4811 2.4995 1.5067 2.5261 1.4803 2.5001 1.7907 2.8062 1.1243 2.1011 1.8941 2.8765 2.2692 3.2703 1.6742 2.6956 2.0885 3.0749 1.7856 2.8060 1.4819 2.5061 1.2586 2.2327 1.2823 2.2563 1.9032 2.8833 1.2436 2.2172 1.7366 2.7140 1.4313 2.4567 1.8247 2.8460 1.7526 2.7751 
dot 15 1.2837 2.2566 1.5285 2.5028 1.2851 2.2577 1.6197 2.6454 0.9920 2.0209 1.2304 2.2591 2.2278 3.2438 1.7923 2.8174 1.2058 2.2355 1.2577 2.2277 
clear
gstate $g
translate 0 90
scale 0.03
text 15 0 0 {META RECORDED DIRECTIONAL }
text 15 0 -100 TARGET=-1
text 15 0 -200 BEST=0.1156
text 15 0 -300 GENERATION=8
text 15 0 -500 PARENTS=-9266128936674546510708803659540666989570440318463045266854634092789923316019634195319186364987354661410697604753167801167177259691798259274535313963828899395054512892298208739898816592182784001477532694415068917387837429455519744.00
gstate $h
dot 15 1.1700 2.1699 1.1746 2.1768 1.2047 2.2037 1.2116 2.2117 1.2170 2.2159 1.2206 2.2196 0.9605 1.9561 1.2281 2.2286 1.2295 2.2291 1.2353 2.2353 1.2367 2.2362 1.2401 2.2406 1.2415 2.2409 1.2321 2.2305 1.2274 2.2294 1.1938 2.1969 1.2339 2.2355 1.2254 2.2232 1.2495 2.2497 1.1924 2.1888 
dot 15 0.7389 1.7395 1.2431 2.2453 1.2323 2.2292 1.2296 2.2264 1.2780 2.2777 1.2462 2.2435 1.2520 2.2491 1.2408 2.2376 1.2163 2.2124 1.2397 2.2363 1.2426 2.2393 1.2403 2.2369 1.2422 2.2389 1.2401 2.2367 1.2423 2.2389 1.2477 2.2509 1.2225 2.2184 1.2393 2.2355 1.2383 2.2343 1.2377 2.2337 
dot 15 0.6934 1.6924 1.1149 2.1091 1.2740 2.2709 1.2375 2.2332 1.2070 2.2118 1.2362 2.2319 0.9437 1.9501 1.2262 2.2309 1.2045 2.1992 1.2383 2.2335 1.2342 2.2293 1.2141 2.2198 1.2472 2.2525 1.3679 2.3701 1.2024 2.1958 1.2254 2.2190 0.6519 1.6481 0.8578 1.8504 1.2690 2.2630 1.2356 2.2284 
dot 15 1.2477 2.2405 1.2372 2.2446 1.2809 2.2737 1.2462 2.2381 1.2317 2.2234 1.0938 2.1031 1.2146 2.2231 1.2329 2.2243 1.2525 2.2437 1.2461 2.2372 
clear
gstate $g
translate 0 90
scale 0.03
text 15 0 0 {META RECORDED DIRECTIONAL }
text 15 0 -100 TARGET=-1
text 15 0 -200 BEST=0.05942
text 15 0 -300 GENERATION=9
text 15 0 -500 PARENTS=-9266128936674546510708803659540666989570440318463045266854634092789923316019634195319186364987354661410697604753167801167177259691798259274535313963828899395054512892298208739898816592182784001477532694415068917387837429455519744.00
gstate $h
dot 15 1.1219 2.1219 1.1207 2.1203 0.9584 1.9553 1.1526 2.1515 1.1700 2.1699 1.1433 2.1452 1.1754 2.1762 1.1667 2.1652 1.1889 2.1890 1.1955 2.1960 1.1900 2.1885 1.2048 2.2048 1.2044 2.2041 1.1746 2.1768 1.2047 2.2037 1.2106 2.2106 1.2024 2.2012 1.2116 2.2117 1.2109 2.2104 1.2107 2.2113 
dot 15 1.2132 2.2125 1.2158 2.2159 0.8244 1.8219 1.2126 2.2136 1.2033 2.2015 1.1790 2.1816 1.2222 2.2219 1.2170 2.2159 1.2206 2.2196 0.9605 1.9561 1.1127 2.1166 1.2271 2.2269 1.2202 2.2213 1.2215 2.2227 1.2281 2.2286 1.2295 2.2291 1.2309 2.2309 1.2244 2.2255 1.2195 2.2179 1.2353 2.2353 
dot 15 1.1697 2.1730 1.2367 2.2362 1.1977 2.2004 1.2401 2.2406 1.2415 2.2409 1.2321 2.2305 1.2296 2.2279 1.2310 2.2293 1.2274 2.2294 1.1996 2.1966 1.1938 2.1969 1.2339 2.2355 1.2254 2.2232 1.2495 2.2497 1.2266 2.2245 1.2130 2.2103 1.2494 2.2503 1.2198 2.2172 1.2323 2.2301 1.1924 2.1888 
dot 15 1.2501 2.2483 1.1897 2.1934 1.2507 2.2489 1.2247 2.2215 1.2388 2.2360 1.2261 2.2229 1.2301 2.2269 1.1607 2.1653 1.0870 2.0924 1.2047 2.2008 
clear
gstate $g
translate 0 90
scale 0.03
text 15 0 0 {META RECORDED DIRECTIONAL }
text 15 0 -100 TARGET=-1
text 15 0 -200 BEST=0.001821
text 15 0 -300 GENERATION=10
text 15 0 -500 PARENTS=-9266128936674546510708803659540666989570440318463045266854634092789923316019634195319186364987354661410697604753167801167177259691798259274535313963828899395054512892298208739898816592182784001477532694415068917387837429455519744.00
gstate $h
dot 15 1.0204 2.0203 1.0419 2.0420 0.9511 1.9502 0.9567 1.9548 1.0957 2.0967 0.9557 1.9534 1.1219 2.1219 1.1207 2.1203 1.0410 2.0387 1.1257 2.1260 1.1172 2.1162 0.9553 1.9529 1.0812 2.0791 1.1211 2.1197 1.1150 2.1133 0.9584 1.9553 1.1526 2.1515 1.1637 2.1637 1.1648 2.1651 1.1700 2.1699 
dot 15 1.1433 2.1452 1.1614 2.1600 1.1743 2.1749 1.0016 1.9980 1.1668 2.1681 1.1754 2.1762 1.1708 2.1720 1.1749 2.1757 1.1667 2.1652 1.0907 2.0938 1.1220 2.1247 1.1856 2.1854 1.1836 2.1830 1.1885 2.1885 1.1637 2.1655 1.1889 2.1890 1.1901 2.1903 1.1307 2.1335 1.1897 2.1902 1.1864 2.1873 
dot 15 1.1777 2.1761 1.1703 2.1684 1.1941 2.1940 1.1859 2.1870 1.1738 2.1720 1.1830 2.1844 1.1937 2.1930 1.1955 2.1960 1.1574 2.1598 1.2008 2.2008 1.1783 2.1763 1.1900 2.1885 1.1890 2.1905 1.1696 2.1673 1.2048 2.2048 1.2044 2.2041 1.2048 2.2049 1.2053 2.2053 1.2053 2.2057 1.2032 2.2040 
dot 15 1.2065 2.2070 1.2039 2.2048 1.2087 2.2090 1.1746 2.1768 1.2047 2.2037 1.2106 2.2106 1.2024 2.2012 1.2044 2.2053 1.2114 2.2113 1.2116 2.2117 
clear
gstate $g
translate 0 90
scale 0.03
text 15 0 0 {META RECORDED DIRECTIONAL }
text 15 0 -100 TARGET=-1
text 15 0 -200 BEST=0.001821
text 15 0 -300 GENERATION=11
text 15 0 -500 PARENTS=-9266128936674546510708803659540666989570440318463045266854634092789923316019634195319186364987354661410697604753167801167177259691798259274535313963828899395054512892298208739898816592182784001477532694415068917387837429455519744.00
gstate $h
dot 15 1.0204 2.0203 0.9776 1.9777 1.0419 2.0420 1.0450 2.0449 1.0403 2.0399 0.9544 1.9546 1.0492 2.0493 0.9496 1.9494 0.9534 1.9539 0.9451 1.9450 0.9466 1.9471 0.9570 1.9579 0.9511 1.9502 1.0493 2.0484 0.9508 1.9517 1.0538 2.0547 1.0629 2.0624 0.9538 1.9552 0.9530 1.9515 0.9518 1.9503 
dot 15 1.0036 2.0017 0.9590 1.9573 0.9986 1.9967 1.0943 2.0945 1.0840 2.0829 0.9567 1.9548 1.0961 2.0968 1.0957 2.0967 0.9542 1.9562 1.0818 2.0834 1.1158 2.1157 0.9557 1.9534 0.9502 1.9480 1.1219 2.1219 1.1207 2.1203 1.0410 2.0387 1.1257 2.1260 1.1172 2.1162 1.0741 2.0761 0.9553 1.9529 
dot 15 1.1272 2.1267 1.1276 2.1281 1.1309 2.1311 1.0812 2.0791 1.0718 2.0694 1.0736 2.0713 1.1211 2.1197 1.1150 2.1133 1.0627 2.0600 0.9620 1.9649 1.1508 2.1514 1.1502 2.1493 1.0057 2.0025 1.1577 2.1582 0.9584 1.9553 1.1080 2.1104 1.1526 2.1515 0.9550 1.9519 1.1637 2.1637 1.1648 2.1651 
dot 15 1.0686 2.0655 1.0933 2.0961 1.1636 2.1643 1.1700 2.1699 0.9416 1.9448 1.1270 2.1246 1.0502 2.0536 0.9559 1.9593 1.1221 2.1194 1.1815 2.1816 
clear
gstate $g
translate 0 90
scale 0.03
text 15 0 0 {META RECORDED DIRECTIONAL }
text 15 0 -100 TARGET=-1
text 15 0 -200 BEST=6.851E-05
text 15 0 -300 GENERATION=12
text 15 0 -500 PARENTS=-9266128936674546510708803659540666989570440318463045266854634092789923316019634195319186364987354661410697604753167801167177259691798259274535313963828899395054512892298208739898816592182784001477532694415068917387837429455519744.00
gstate $h
dot 15 1.0035 2.0036 1.0204 2.0203 0.9776 1.9777 1.0419 2.0420 1.0450 2.0449 1.0403 2.0399 0.9544 1.9546 1.0492 2.0493 1.0421 2.0426 0.9496 1.9494 0.9486 1.9484 0.9510 1.9506 0.9534 1.9539 0.9796 1.9786 0.9515 1.9510 0.9506 1.9511 0.9451 1.9450 0.9462 1.9465 0.9466 1.9471 0.9550 1.9557 
dot 15 0.9519 1.9512 0.9383 1.9382 0.9570 1.9579 0.9492 1.9484 0.9511 1.9502 1.0493 2.0484 0.9508 1.9517 1.0538 2.0547 0.9522 1.9512 1.0629 2.0624 0.9496 1.9506 0.9572 1.9561 0.9517 1.9506 0.9368 1.9361 0.9571 1.9559 0.9538 1.9552 0.9431 1.9419 0.9493 1.9480 0.9181 1.9185 0.9540 1.9526 
dot 15 0.9530 1.9515 0.9563 1.9547 0.9360 1.9372 0.9619 1.9635 0.9518 1.9503 0.9407 1.9422 1.0658 2.0644 0.9510 1.9527 0.9510 1.9492 0.9526 1.9506 0.9500 1.9520 0.9515 1.9496 0.9294 1.9278 0.9586 1.9565 0.8884 1.8878 1.0552 2.0531 0.9527 1.9548 0.9479 1.9501 0.9180 1.9198 0.9505 1.9529 
dot 15 0.9517 1.9542 0.9563 1.9539 0.9062 1.9043 0.9394 1.9369 0.8783 1.8800 0.9394 1.9421 0.9279 1.9253 0.9486 1.9515 0.9431 1.9460 0.9548 1.9518 
clear
gstate $g
translate 0 90
scale 0.03
text 15 0 0 {META RECORDED DIRECTIONAL }
text 15 0 -100 TARGET=-1
text 15 0 -200 BEST=6.851E-05
text 15 0 -300 GENERATION=13
text 15 0 -500 PARENTS=-9266128936674546510708803659540666989570440318463045266854634092789923316019634195319186364987354661410697604753167801167177259691798259274535313963828899395054512892298208739898816592182784001477532694415068917387837429455519744.00
gstate $h
dot 15 1.0035 2.0036 1.0204 2.0203 0.9776 1.9777 1.0037 2.0030 1.0419 2.0420 0.9982 1.9974 1.0450 2.0449 0.9538 1.9539 1.0403 2.0399 0.9544 1.9546 0.9577 1.9572 1.0492 2.0493 0.9497 1.9498 1.0421 2.0426 0.9496 1.9494 0.9486 1.9484 0.9510 1.9506 0.9534 1.9539 0.9796 1.9786 0.9515 1.9510 
dot 15 0.9506 1.9511 0.9451 1.9450 0.9498 1.9503 0.9445 1.9445 0.9462 1.9465 0.9488 1.9494 0.9468 1.9473 0.9466 1.9471 0.9550 1.9557 0.9415 1.9414 0.9486 1.9492 0.9502 1.9509 0.9425 1.9430 0.9449 1.9455 1.0425 2.0416 0.9489 1.9497 1.0398 2.0408 0.9544 1.9554 0.9453 1.9461 0.9457 1.9466 
dot 15 0.9543 1.9533 0.9571 1.9560 0.9716 1.9729 0.9506 1.9495 0.9474 1.9485 0.9526 1.9512 0.9437 1.9450 0.9460 1.9473 0.9467 1.9454 0.9518 1.9505 0.9544 1.9529 0.9047 1.9048 0.9429 1.9444 0.9549 1.9532 0.9476 1.9459 0.9304 1.9320 0.9163 1.9150 0.9531 1.9512 0.8945 1.8955 0.9529 1.9551 
dot 15 0.9546 1.9523 0.9400 1.9423 0.9629 1.9602 0.9604 1.9631 1.0405 2.0432 1.0414 2.0387 0.8619 1.8612 1.0365 2.0392 0.9911 1.9881 1.0367 2.0396 
clear
gstate $g
translate 0 90
scale 0.03
text 15 0 0 {META RECORDED DIRECTIONAL }
text 15 0 -100 TARGET=-1
text 15 0 -200 BEST=6.851E-05
text 15 0 -300 GENERATION=14
text 15 0 -500 PARENTS=-9266128936674546510708803659540666989570440318463045266854634092789923316019634195319186364987354661410697604753167801167177259691798259274535313963828899395054512892298208739898816592182784001477532694415068917387837429455519744.00
gstate $h
dot 15 1.0035 2.0036 1.0204 2.0203 0.9776 1.9777 1.0037 2.0030 1.0384 2.0385 1.0161 2.0154 1.0400 2.0398 1.0419 2.0420 0.9982 1.9974 1.0450 2.0449 0.9538 1.9539 0.9618 1.9613 0.9544 1.9542 1.0403 2.0399 0.9544 1.9546 0.9538 1.9541 0.9534 1.9536 0.9536 1.9539 0.9577 1.9572 1.0403 2.0398 
dot 15 1.0492 2.0493 0.9567 1.9562 0.9548 1.9544 0.9497 1.9498 0.9497 1.9498 1.0421 2.0426 0.9494 1.9493 0.9499 1.9501 0.9547 1.9542 0.9496 1.9494 0.9493 1.9492 0.9491 1.9490 0.9486 1.9484 0.9504 1.9507 0.9476 1.9475 0.9491 1.9488 0.9510 1.9506 0.9534 1.9539 0.9505 1.9510 0.9532 1.9538 
dot 15 1.0116 2.0106 0.9634 1.9643 0.9796 1.9786 0.9515 1.9510 0.9510 1.9516 0.9453 1.9456 0.9546 1.9539 0.9546 1.9539 0.9488 1.9494 0.9626 1.9617 0.9405 1.9404 0.9521 1.9528 0.9590 1.9599 0.9595 1.9586 0.9482 1.9474 1.0391 2.0402 0.9550 1.9538 1.0346 2.0360 0.9543 1.9529 0.9820 1.9837 
dot 15 0.9545 1.9559 0.9725 1.9708 0.9376 1.9390 1.0329 2.0347 0.9535 1.9554 0.9597 1.9579 0.9592 1.9573 0.9586 1.9605 1.0371 2.0392 0.9556 1.9533 
clear
gstate $g
translate 0 90
scale 0.03
text 15 0 0 {META RECORDED DIRECTIONAL }
text 15 0 -100 TARGET=-1
text 15 0 -200 BEST=6.851E-05
text 15 0 -300 GENERATION=15
text 15 0 -500 PARENTS=-9266128936674546510708803659540666989570440318463045266854634092789923316019634195319186364987354661410697604753167801167177259691798259274535313963828899395054512892298208739898816592182784001477532694415068917387837429455519744.00
gstate $h
dot 15 1.0035 2.0036 1.0204 2.0203 0.9776 1.9777 1.0037 2.0030 0.9659 1.9657 0.9648 1.9650 0.9645 1.9643 0.9626 1.9626 1.0384 2.0385 0.9626 1.9629 0.9601 1.9602 1.0161 2.0154 1.0403 2.0402 1.0400 2.0398 0.9618 1.9615 1.0419 2.0420 0.9982 1.9974 0.9566 1.9567 0.9632 1.9626 0.9545 1.9544 
dot 15 1.0450 2.0449 0.9542 1.9542 0.9540 1.9540 0.9540 1.9540 0.9537 1.9538 0.9538 1.9539 0.9618 1.9613 0.9544 1.9542 0.9536 1.9537 1.0403 2.0399 0.9537 1.9538 0.9540 1.9542 0.9531 1.9531 0.9539 1.9540 0.9540 1.9542 0.9544 1.9546 0.9534 1.9536 1.0401 2.0406 0.9535 1.9533 0.9538 1.9541 
dot 15 0.9534 1.9536 0.9541 1.9539 0.9539 1.9542 0.9536 1.9539 0.9577 1.9572 1.0403 2.0398 0.9530 1.9533 1.0405 2.0411 0.9539 1.9543 0.9534 1.9537 0.9539 1.9543 0.9543 1.9539 0.9528 1.9532 0.9532 1.9528 0.9537 1.9542 1.0404 2.0410 0.9536 1.9531 0.9552 1.9558 0.9535 1.9530 0.9531 1.9536 
dot 15 0.9678 1.9670 0.9537 1.9543 0.9532 1.9526 0.9530 1.9536 0.9539 1.9533 0.9544 1.9537 0.9539 1.9546 1.0397 2.0388 0.9556 1.9548 0.9708 1.9697 
clear
gstate $g
translate 0 90
scale 0.03
text 15 0 0 {META RECORDED DIRECTIONAL }
text 15 0 -100 TARGET=-1
text 15 0 -200 BEST=6.851E-05
text 15 0 -300 GENERATION=16
text 15 0 -500 PARENTS=-9266128936674546510708803659540666989570440318463045266854634092789923316019634195319186364987354661410697604753167801167177259691798259274535313963828899395054512892298208739898816592182784001477532694415068917387837429455519744.00
gstate $h
dot 15 1.0035 2.0036 1.0204 2.0203 0.9776 1.9777 0.9706 1.9705 0.9692 1.9693 0.9699 1.9697 0.9687 1.9689 1.0037 2.0030 0.9671 1.9669 0.9690 1.9688 0.9681 1.9683 0.9662 1.9660 0.9659 1.9657 0.9656 1.9655 0.9643 1.9641 0.9635 1.9636 0.9639 1.9640 0.9777 1.9783 0.9648 1.9650 0.9645 1.9643 
dot 15 0.9626 1.9626 0.9632 1.9633 0.9624 1.9623 0.9618 1.9618 0.9618 1.9617 0.9617 1.9617 0.9617 1.9617 0.9617 1.9617 0.9617 1.9616 0.9693 1.9689 1.0384 2.0385 0.9664 1.9668 0.9626 1.9629 1.0090 2.0083 0.9601 1.9602 0.9603 1.9602 1.0401 2.0402 1.0161 2.0154 0.9710 1.9716 1.0403 2.0402 
dot 15 1.0400 2.0398 1.0402 2.0403 1.0404 2.0405 0.9618 1.9615 0.9598 1.9600 0.9583 1.9583 1.0419 2.0420 1.0401 2.0403 0.9616 1.9620 1.0405 2.0408 0.9617 1.9621 0.9575 1.9576 0.9570 1.9569 0.9982 1.9974 0.9618 1.9622 0.9566 1.9567 0.9618 1.9613 1.0405 2.0402 0.9556 1.9556 0.9671 1.9665 
dot 15 0.9656 1.9662 0.9632 1.9626 0.9549 1.9549 0.9545 1.9544 0.9557 1.9554 0.9542 1.9542 0.9548 1.9550 0.9556 1.9553 0.9662 1.9656 0.9560 1.9557 
clear
gstate $g
translate 0 90
scale 0.03
text 15 0 0 {META RECORDED DIRECTIONAL }
text 15 0 -100 TARGET=-1
text 15 0 -200 BEST=6.851E-05
text 15 0 -300 GENERATION=17
text 15 0 -500 PARENTS=-9266128936674546510708803659540666989570440318463045266854634092789923316019634195319186364987354661410697604753167801167177259691798259274535313963828899395054512892298208739898816592182784001477532694415068917387837429455519744.00
gstate $h
dot 15 1.0035 2.0036 0.9795 1.9796 1.0204 2.0203 0.9776 1.9777 0.9796 1.9798 0.9761 1.9762 0.9856 1.9852 0.9751 1.9750 0.9742 1.9742 0.9758 1.9755 0.9712 1.9712 0.9726 1.9728 0.9706 1.9705 0.9783 1.9787 0.9701 1.9701 0.9704 1.9703 0.9755 1.9751 0.9692 1.9693 0.9746 1.9750 0.9687 1.9687 
dot 15 0.9688 1.9687 0.9687 1.9686 0.9689 1.9688 0.9684 1.9685 0.9699 1.9697 0.9702 1.9699 0.9679 1.9680 0.9673 1.9673 0.9670 1.9670 0.9687 1.9689 0.9669 1.9669 1.0037 2.0030 0.9696 1.9699 0.9668 1.9667 0.9671 1.9669 0.9670 1.9669 0.9670 1.9668 0.9665 1.9665 0.9694 1.9691 0.9690 1.9688 
dot 15 0.9670 1.9668 0.9684 1.9687 0.9777 1.9772 0.9681 1.9683 0.9687 1.9690 0.9664 1.9665 0.9659 1.9658 0.9664 1.9662 0.9662 1.9660 0.9704 1.9707 0.9656 1.9657 0.9656 1.9655 0.9659 1.9657 0.9656 1.9655 0.9660 1.9659 0.9653 1.9652 0.9649 1.9648 0.9655 1.9654 0.9699 1.9703 0.9657 1.9656 
dot 15 0.9719 1.9714 0.9655 1.9653 0.9752 1.9757 0.9656 1.9654 0.9641 1.9640 0.9635 1.9635 0.9653 1.9650 0.9643 1.9641 0.9635 1.9636 0.9639 1.9640 
clear
gstate $g
translate 0 90
scale 0.03
text 15 0 0 {META RECORDED DIRECTIONAL }
text 15 0 -100 TARGET=-1
text 15 0 -200 BEST=6.851E-05
text 15 0 -300 GENERATION=18
text 15 0 -500 PARENTS=-9266128936674546510708803659540666989570440318463045266854634092789923316019634195319186364987354661410697604753167801167177259691798259274535313963828899395054512892298208739898816592182784001477532694415068917387837429455519744.00
gstate $h
dot 15 1.0035 2.0036 1.0044 2.0045 0.9934 1.9932 0.9871 1.9872 0.9985 1.9988 0.9882 1.9884 0.9839 1.9839 0.9815 1.9815 0.9872 1.9875 0.9831 1.9833 0.9870 1.9873 0.9795 1.9796 0.9803 1.9804 0.9802 1.9801 1.0204 2.0203 0.9867 1.9864 0.9851 1.9854 0.9810 1.9812 0.9814 1.9811 0.9776 1.9777 
dot 15 0.9813 1.9815 0.9914 1.9918 0.9796 1.9798 0.9761 1.9762 0.9763 1.9764 0.9769 1.9771 0.9757 1.9757 0.9758 1.9758 0.9762 1.9763 1.0013 2.0008 0.9856 1.9852 0.9751 1.9750 0.9742 1.9742 0.9745 1.9743 0.9782 1.9778 0.9739 1.9738 0.9813 1.9817 0.9758 1.9755 0.9735 1.9737 0.9758 1.9755 
dot 15 0.9712 1.9712 1.0000 2.0006 0.9726 1.9728 0.9714 1.9713 0.9709 1.9709 0.9704 1.9704 0.9707 1.9706 0.9706 1.9705 0.9783 1.9787 0.9701 1.9701 0.9704 1.9703 1.0195 2.0191 0.9755 1.9751 0.9693 1.9694 0.9692 1.9693 1.0052 2.0058 0.9704 1.9706 0.9746 1.9750 0.9738 1.9735 0.9762 1.9766 
dot 15 0.9687 1.9687 0.9695 1.9696 0.9703 1.9706 0.9695 1.9696 0.9846 1.9852 0.9741 1.9745 0.9694 1.9696 0.9722 1.9718 0.9701 1.9704 0.9675 1.9675 
clear
gstate $g
translate 0 90
scale 0.03
text 15 0 0 {META RECORDED DIRECTIONAL }
text 15 0 -100 TARGET=-1
text 15 0 -200 BEST=6.851E-05
text 15 0 -300 GENERATION=19
text 15 0 -500 PARENTS=-9266128936674546510708803659540666989570440318463045266854634092789923316019634195319186364987354661410697604753167801167177259691798259274535313963828899395054512892298208739898816592182784001477532694415068917387837429455519744.00
gstate $h
dot 15 1.0035 2.0036 0.9964 1.9963 0.9985 1.9984 0.9983 1.9982 1.0044 2.0045 0.9970 1.9971 0.9939 1.9938 0.9889 1.9889 0.9934 1.9932 0.9883 1.9883 0.9895 1.9897 0.9895 1.9894 0.9890 1.9889 0.9871 1.9872 0.9985 1.9988 1.0022 2.0019 0.9882 1.9884 0.9891 1.9889 0.9839 1.9839 1.0072 2.0070 
dot 15 0.9840 1.9839 1.0005 2.0008 0.9836 1.9838 0.9815 1.9815 0.9872 1.9875 0.9820 1.9821 0.9831 1.9833 0.9870 1.9873 0.9820 1.9818 0.9831 1.9829 0.9834 1.9836 0.9795 1.9796 0.9803 1.9804 0.9934 1.9938 0.9802 1.9801 0.9938 1.9942 0.9959 1.9963 1.0204 2.0203 0.9795 1.9796 0.9867 1.9864 
dot 15 0.9887 1.9883 0.9851 1.9854 0.9952 1.9948 1.0142 2.0139 0.9810 1.9812 0.9814 1.9811 0.9948 1.9952 0.9921 1.9917 0.9776 1.9777 0.9775 1.9776 0.9830 1.9834 1.0087 2.0091 0.9765 1.9764 0.9839 1.9843 0.9810 1.9813 0.9756 1.9757 0.9745 1.9744 0.9752 1.9755 1.0197 2.0202 0.9878 1.9873 
dot 15 1.0157 2.0162 0.9963 1.9969 0.9808 1.9803 0.9873 1.9879 0.9798 1.9803 1.0105 2.0111 1.0030 2.0036 0.9934 1.9941 0.9955 1.9947 0.9825 1.9832 
clear
gstate $g
translate 0 90
scale 0.03
text 15 0 0 {META RECORDED DIRECTIONAL }
text 15 0 -100 TARGET=-1
text 15 0 -200 BEST=6.851E-05
text 15 0 -300 GENERATION=20
text 15 0 -500 PARENTS=-9266128936674546510708803659540666989570440318463045266854634092789923316019634195319186364987354661410697604753167801167177259691798259274535313963828899395054512892298208739898816592182784001477532694415068917387837429455519744.00
gstate $h
dot 15 1.0035 2.0036 0.9953 1.9953 0.9964 1.9963 0.9985 1.9984 0.9943 1.9943 0.9948 1.9948 0.9983 1.9982 0.9966 1.9964 0.9948 1.9947 0.9965 1.9964 0.9930 1.9930 1.0044 2.0045 0.9923 1.9922 0.9919 1.9919 0.9925 1.9924 0.9938 1.9937 0.9911 1.9911 0.9970 1.9971 0.9975 1.9973 0.9920 1.9922 
dot 15 0.9939 1.9938 0.9963 1.9965 0.9956 1.9954 0.9972 1.9970 0.9917 1.9915 0.9889 1.9889 0.9934 1.9932 0.9883 1.9883 1.0089 2.0087 0.9883 1.9883 1.0093 2.0094 0.9987 1.9985 0.9890 1.9891 0.9895 1.9897 0.9895 1.9894 0.9946 1.9944 0.9890 1.9889 0.9893 1.9891 0.9862 1.9861 0.9871 1.9872 
dot 15 0.9985 1.9988 1.0022 2.0019 0.9950 1.9947 0.9882 1.9884 1.0143 2.0142 0.9925 1.9928 0.9891 1.9889 1.0141 2.0143 0.9952 1.9949 0.9839 1.9839 1.0072 2.0070 1.0027 2.0024 0.9884 1.9882 0.9832 1.9832 0.9830 1.9830 0.9909 1.9906 1.0011 2.0014 0.9933 1.9930 1.0046 2.0050 0.9805 1.9805 
dot 15 0.9910 1.9914 0.9862 1.9859 1.0156 2.0153 1.0204 2.0204 0.9966 1.9970 1.0000 1.9996 0.9805 1.9803 0.9966 1.9962 0.9924 1.9920 1.0017 2.0022 
clear
gstate $g
translate 0 90
scale 0.03
text 15 0 0 {META RECORDED DIRECTIONAL }
text 15 0 -100 TARGET=-1
text 15 0 -200 BEST=8.373E-06
text 15 0 -300 GENERATION=21
text 15 0 -500 PARENTS=-9266128936674546510708803659540666989570440318463045266854634092789923316019634195319186364987354661410697604753167801167177259691798259274535313963828899395054512892298208739898816592182784001477532694415068917387837429455519744.00
gstate $h
dot 15 0.9988 1.9988 0.9974 1.9975 1.0035 2.0036 1.0035 2.0036 0.9953 1.9953 0.9964 1.9963 0.9985 1.9984 0.9943 1.9943 0.9948 1.9948 0.9935 1.9935 0.9983 1.9982 0.9966 1.9964 1.0033 2.0034 1.0038 2.0039 0.9948 1.9947 0.9965 1.9964 0.9930 1.9930 0.9930 1.9930 1.0042 2.0040 1.0044 2.0045 
dot 15 1.0064 2.0065 1.0072 2.0072 0.9923 1.9922 1.0035 2.0036 0.9919 1.9919 0.9925 1.9924 0.9929 1.9930 0.9938 1.9937 1.0015 2.0017 0.9926 1.9925 0.9911 1.9911 0.9970 1.9971 1.0078 2.0077 0.9992 1.9994 0.9975 1.9973 0.9920 1.9922 0.9932 1.9933 1.0067 2.0065 0.9927 1.9925 1.0113 2.0113 
dot 15 1.0066 2.0068 0.9966 1.9968 1.0090 2.0092 0.9995 1.9998 1.0077 2.0079 0.9872 1.9872 0.9952 1.9950 1.0024 2.0027 0.9915 1.9918 1.0014 2.0010 1.0036 2.0033 0.9993 1.9990 0.9983 1.9986 0.9921 1.9918 0.9995 1.9999 0.9998 1.9994 1.0015 2.0010 1.0036 2.0032 1.0050 2.0055 1.0242 2.0241 
dot 15 1.0138 2.0134 0.9929 1.9924 1.0094 2.0089 0.9959 1.9954 1.0231 2.0227 1.0040 2.0034 1.0164 2.0158 0.9947 1.9954 1.0223 2.0219 0.9945 1.9938 
clear
gstate $g
translate 0 90
scale 0.03
text 15 0 0 {META RECORDED DIRECTIONAL }
text 15 0 -100 TARGET=-1
text 15 0 -200 BEST=1.405E-06
text 15 0 -300 GENERATION=22
text 15 0 -500 PARENTS=-9266128936674546510708803659540666989570440318463045266854634092789923316019634195319186364987354661410697604753167801167177259691798259274535313963828899395054512892298208739898816592182784001477532694415068917387837429455519744.00
gstate $h
dot 15 1.0002 2.0001 1.0005 2.0004 0.9988 1.9988 1.0009 2.0009 1.0006 2.0006 0.9981 1.9981 0.9992 1.9992 0.9972 1.9971 0.9974 1.9975 0.9974 1.9974 1.0035 2.0036 1.0017 2.0018 1.0015 2.0016 1.0035 2.0036 0.9953 1.9953 0.9980 1.9981 0.9964 1.9963 0.9985 1.9984 0.9943 1.9943 0.9948 1.9948 
dot 15 0.9935 1.9935 0.9983 1.9982 1.0038 2.0037 0.9966 1.9964 1.0033 2.0034 1.0038 2.0039 0.9948 1.9947 0.9965 1.9964 1.0036 2.0037 0.9930 1.9930 0.9930 1.9930 1.0042 2.0040 1.0044 2.0045 1.0026 2.0028 1.0078 2.0078 1.0013 2.0011 1.0088 2.0088 1.0027 2.0025 0.9912 1.9913 1.0079 2.0078 
dot 15 0.9996 1.9998 1.0030 2.0033 1.0029 2.0032 0.9957 1.9955 1.0031 2.0034 1.0088 2.0090 0.9986 1.9988 0.9959 1.9956 1.0039 2.0042 1.0043 2.0040 1.0032 2.0035 0.9993 1.9990 0.9970 1.9973 1.0151 2.0150 1.0099 2.0102 1.0174 2.0174 1.0121 2.0124 0.9962 1.9965 1.0008 2.0004 0.9976 1.9972 
dot 15 0.9910 1.9914 1.0188 2.0186 1.0109 2.0104 0.9936 1.9941 1.0242 2.0242 0.9992 1.9988 1.0199 2.0196 1.0028 2.0022 1.0253 2.0251 0.9980 1.9975 
clear
gstate $g
translate 0 90
scale 0.03
text 15 0 0 {META RECORDED DIRECTIONAL }
text 15 0 -100 TARGET=-1
text 15 0 -200 BEST=1.405E-06
text 15 0 -300 GENERATION=23
text 15 0 -500 PARENTS=-9266128936674546510708803659540666989570440318463045266854634092789923316019634195319186364987354661410697604753167801167177259691798259274535313963828899395054512892298208739898816592182784001477532694415068917387837429455519744.00
gstate $h
dot 15 1.0002 2.0001 1.0002 2.0002 1.0012 2.0012 1.0005 2.0004 1.0009 2.0008 0.9988 1.9988 0.9989 1.9989 1.0009 2.0009 1.0017 2.0017 1.0006 2.0006 0.9993 1.9992 1.0013 2.0013 0.9982 1.9982 0.9985 1.9985 1.0022 2.0022 1.0011 2.0012 0.9981 1.9981 1.0024 2.0024 1.0024 2.0024 1.0016 2.0016 
dot 15 0.9992 1.9992 0.9972 1.9971 0.9995 1.9995 0.9972 1.9972 1.0003 2.0004 1.0003 2.0002 1.0028 2.0028 0.9974 1.9975 0.9974 1.9974 0.9985 1.9986 1.0025 2.0026 1.0030 2.0030 0.9972 1.9973 0.9960 1.9960 1.0018 2.0019 1.0035 2.0036 1.0017 2.0018 1.0043 2.0042 1.0002 2.0001 1.0015 2.0016 
dot 15 1.0035 2.0036 0.9953 1.9953 0.9980 1.9981 0.9999 1.9998 1.0031 2.0030 0.9981 1.9982 1.0006 2.0005 1.0007 2.0006 0.9948 1.9949 1.0019 2.0020 1.0049 2.0049 0.9964 1.9963 0.9985 1.9984 0.9943 1.9943 0.9948 1.9948 1.0063 2.0063 1.0020 2.0019 1.0063 2.0063 1.0007 2.0005 1.0070 2.0070 
dot 15 1.0001 2.0000 1.0009 2.0007 1.0003 2.0004 1.0054 2.0053 1.0044 2.0043 0.9986 1.9988 1.0019 2.0017 0.9973 1.9971 0.9962 1.9963 1.0029 2.0027 
clear
gstate $g
translate 0 90
scale 0.03
text 15 0 0 {META RECORDED DIRECTIONAL }
text 15 0 -100 TARGET=-1
text 15 0 -200 BEST=1.397E-06
text 15 0 -300 GENERATION=24
text 15 0 -500 PARENTS=-9266128936674546510708803659540666989570440318463045266854634092789923316019634195319186364987354661410697604753167801167177259691798259274535313963828899395054512892298208739898816592182784001477532694415068917387837429455519744.00
gstate $h
dot 15 0.9999 1.9999 1.0002 2.0001 1.0002 2.0002 1.0009 2.0009 1.0010 2.0010 1.0007 2.0007 1.0012 2.0012 1.0008 2.0008 1.0012 2.0013 1.0005 2.0004 1.0009 2.0008 0.9988 1.9988 1.0014 2.0013 1.0001 2.0001 0.9989 1.9989 1.0009 2.0009 1.0012 2.0012 1.0013 2.0013 1.0017 2.0017 1.0017 2.0017 
dot 15 1.0006 2.0006 1.0008 2.0007 0.9993 1.9993 0.9993 1.9992 1.0013 2.0013 0.9982 1.9982 1.0016 2.0016 0.9985 1.9985 1.0008 2.0008 1.0008 2.0009 1.0015 2.0015 1.0022 2.0022 1.0011 2.0012 1.0018 2.0018 1.0008 2.0008 0.9981 1.9981 1.0024 2.0024 1.0008 2.0008 1.0015 2.0015 1.0024 2.0024 
dot 15 1.0022 2.0022 1.0017 2.0017 1.0016 2.0016 1.0015 2.0015 1.0012 2.0013 1.0012 2.0012 1.0028 2.0028 1.0017 2.0018 1.0018 2.0017 0.9970 1.9970 0.9974 1.9974 1.0028 2.0028 1.0031 2.0031 1.0024 2.0025 1.0026 2.0025 1.0011 2.0010 1.0012 2.0012 1.0034 2.0034 1.0031 2.0031 1.0019 2.0019 
dot 15 1.0036 2.0036 1.0033 2.0033 1.0032 2.0032 1.0018 2.0018 1.0020 2.0021 0.9980 1.9980 1.0025 2.0024 1.0036 2.0036 1.0038 2.0038 1.0022 2.0022 
clear
gstate $g
translate 0 90
scale 0.03
text 15 0 0 {META RECORDED DIRECTIONAL }
text 15 0 -100 TARGET=-1
text 15 0 -200 BEST=5.98E-07
text 15 0 -300 GENERATION=25
text 15 0 -500 PARENTS=-9266128936674546510708803659540666989570440318463045266854634092789923316019634195319186364987354661410697604753167801167177259691798259274535313963828899395054512892298208739898816592182784001477532694415068917387837429455519744.00
gstate $h
dot 15 1.0004 2.0004 0.9999 1.9999 1.0002 2.0001 1.0007 2.0007 1.0002 2.0002 1.0007 2.0007 1.0009 2.0009 1.0003 2.0003 1.0009 2.0009 1.0010 2.0010 1.0007 2.0007 0.9993 1.9993 1.0009 2.0009 1.0011 2.0011 1.0012 2.0012 1.0012 2.0012 1.0008 2.0008 1.0013 2.0013 1.0013 2.0012 1.0009 2.0009 
dot 15 1.0013 2.0013 1.0012 2.0013 1.0005 2.0004 1.0009 2.0008 1.0005 2.0005 0.9988 1.9988 1.0013 2.0013 1.0001 2.0001 1.0014 2.0013 1.0014 2.0014 1.0014 2.0014 1.0001 2.0001 1.0014 2.0014 1.0015 2.0015 0.9989 1.9989 1.0009 2.0009 1.0012 2.0012 1.0013 2.0013 1.0012 2.0012 1.0012 2.0012 
dot 15 1.0013 2.0013 1.0017 2.0017 1.0009 2.0009 1.0017 2.0017 1.0009 2.0009 1.0009 2.0009 1.0013 2.0013 1.0009 2.0008 1.0020 2.0020 1.0016 2.0016 1.0010 2.0009 1.0021 2.0021 1.0021 2.0021 1.0009 2.0009 1.0011 2.0010 1.0012 2.0011 1.0014 2.0014 1.0013 2.0013 1.0014 2.0013 1.0018 2.0018 
dot 15 1.0014 2.0014 1.0011 2.0012 1.0012 2.0012 1.0009 2.0009 1.0002 2.0001 0.9973 1.9973 1.0026 2.0026 1.0009 2.0010 0.9997 1.9998 1.0023 2.0023 
clear
gstate $g
translate 0 90
scale 0.03
text 15 0 0 {META RECORDED DIRECTIONAL }
text 15 0 -100 TARGET=-1
text 15 0 -200 BEST=2.361E-09
text 15 0 -300 GENERATION=26
text 15 0 -500 PARENTS=-9266128936674546510708803659540666989570440318463045266854634092789923316019634195319186364987354661410697604753167801167177259691798259274535313963828899395054512892298208739898816592182784001477532694415068917387837429455519744.00
gstate $h
dot 15 1.0000 2.0000 1.0000 2.0000 1.0002 2.0002 0.9998 1.9998 1.0004 2.0004 0.9999 1.9999 0.9999 1.9999 1.0002 2.0001 1.0006 2.0006 0.9996 1.9996 1.0007 2.0007 1.0002 2.0002 1.0007 2.0007 1.0006 2.0006 1.0009 2.0009 1.0005 2.0005 1.0009 2.0009 1.0009 2.0009 1.0004 2.0004 1.0009 2.0009 
dot 15 1.0009 2.0009 1.0009 2.0009 1.0004 2.0004 1.0009 2.0009 1.0009 2.0009 1.0009 2.0009 1.0003 2.0003 1.0009 2.0009 1.0001 2.0001 1.0010 2.0010 1.0009 2.0009 1.0007 2.0007 1.0009 2.0009 1.0009 2.0009 1.0003 2.0003 0.9993 1.9993 1.0009 2.0009 1.0009 2.0009 1.0011 2.0011 1.0011 2.0011 
dot 15 1.0009 2.0009 1.0009 2.0009 1.0012 2.0012 1.0006 2.0006 1.0012 2.0012 1.0008 2.0008 0.9991 1.9992 1.0012 2.0012 1.0012 2.0012 1.0013 2.0013 1.0013 2.0012 1.0013 2.0013 1.0013 2.0013 1.0009 2.0009 1.0009 2.0009 1.0013 2.0013 1.0013 2.0013 1.0009 2.0009 1.0013 2.0013 0.9993 1.9993 
dot 15 1.0014 2.0013 1.0013 2.0013 1.0013 2.0014 0.9999 1.9999 0.9999 1.9999 1.0009 2.0009 1.0013 2.0013 1.0008 2.0009 1.0009 2.0009 1.0000 2.0001 
clear
gstate $g
translate 0 90
scale 0.03
text 15 0 0 {META RECORDED DIRECTIONAL }
text 15 0 -100 TARGET=-1
text 15 0 -200 BEST=2.361E-09
text 15 0 -300 GENERATION=27
text 15 0 -500 PARENTS=-9266128936674546510708803659540666989570440318463045266854634092789923316019634195319186364987354661410697604753167801167177259691798259274535313963828899395054512892298208739898816592182784001477532694415068917387837429455519744.00
gstate $h
dot 15 1.0000 2.0000 1.0000 2.0000 1.0000 2.0000 1.0001 2.0001 1.0000 2.0000 1.0002 2.0002 0.9998 1.9998 1.0000 2.0000 0.9998 1.9998 0.9996 1.9996 1.0004 2.0004 1.0002 2.0001 0.9999 1.9999 1.0003 2.0003 0.9999 1.9999 1.0002 2.0001 1.0006 2.0006 0.9996 1.9996 1.0007 2.0007 1.0002 2.0002 
dot 15 1.0007 2.0007 1.0005 2.0005 1.0004 2.0004 1.0006 2.0006 1.0009 2.0009 1.0005 2.0005 1.0009 2.0009 1.0001 2.0001 1.0009 2.0009 1.0009 2.0009 1.0009 2.0009 1.0009 2.0009 1.0004 2.0004 1.0009 2.0009 1.0009 2.0009 1.0009 2.0009 1.0009 2.0009 1.0009 2.0009 1.0009 2.0009 0.9994 1.9995 
dot 15 1.0001 2.0000 0.9994 1.9994 1.0009 2.0009 1.0009 2.0009 1.0009 2.0009 1.0008 2.0008 1.0009 2.0009 1.0009 2.0009 1.0008 2.0008 1.0009 2.0009 1.0009 2.0009 0.9990 1.9990 1.0009 2.0009 0.9992 1.9992 1.0001 2.0001 1.0009 2.0009 1.0002 2.0002 1.0012 2.0012 0.9992 1.9992 1.0008 2.0008 
dot 15 1.0009 2.0009 0.9995 1.9996 1.0003 2.0003 1.0000 2.0000 1.0005 2.0004 1.0009 2.0009 1.0009 2.0009 1.0008 2.0008 0.9986 1.9987 1.0012 2.0012 
clear
gstate $g
translate 0 90
scale 0.03
text 15 0 0 {META RECORDED DIRECTIONAL }
text 15 0 -100 TARGET=-1
text 15 0 -200 BEST=2.361E-09
text 15 0 -300 GENERATION=28
text 15 0 -500 PARENTS=-9266128936674546510708803659540666989570440318463045266854634092789923316019634195319186364987354661410697604753167801167177259691798259274535313963828899395054512892298208739898816592182784001477532694415068917387837429455519744.00
gstate $h
dot 15 1.0000 2.0000 1.0000 2.0000 1.0000 2.0000 1.0000 2.0000 1.0001 2.0001 1.0001 2.0001 1.0001 2.0001 1.0000 2.0000 1.0002 2.0002 1.0002 2.0001 1.0002 2.0002 0.9998 1.9998 1.0001 2.0001 1.0002 2.0002 1.0002 2.0002 1.0000 2.0000 1.0002 2.0002 1.0000 2.0000 1.0000 2.0000 0.9998 1.9998 
dot 15 0.9999 1.9999 1.0001 2.0001 0.9996 1.9996 1.0004 2.0004 1.0004 2.0004 0.9999 1.9999 1.0002 2.0001 0.9997 1.9997 0.9996 1.9996 0.9999 1.9999 1.0003 2.0003 1.0002 2.0001 1.0005 2.0005 1.0005 2.0005 0.9999 1.9999 1.0002 2.0001 1.0006 2.0006 0.9999 1.9999 1.0002 2.0001 1.0001 2.0001 
dot 15 1.0001 2.0002 0.9997 1.9997 0.9997 1.9997 0.9996 1.9996 0.9996 1.9996 1.0007 2.0007 0.9998 1.9999 1.0002 2.0002 1.0001 2.0002 0.9997 1.9997 0.9993 1.9993 1.0003 2.0003 0.9995 1.9995 0.9997 1.9997 0.9990 1.9990 0.9990 1.9990 1.0002 2.0002 1.0000 2.0000 1.0002 2.0001 0.9994 1.9994 
dot 15 1.0000 2.0000 1.0001 2.0001 0.9999 1.9999 0.9991 1.9991 1.0002 2.0002 1.0002 2.0003 0.9998 1.9998 1.0001 2.0001 1.0006 2.0006 1.0003 2.0004 
clear
gstate $g
translate 0 90
scale 0.03
text 15 0 0 {META RECORDED DIRECTIONAL }
text 15 0 -100 TARGET=-1
text 15 0 -200 BEST=2.361E-09
text 15 0 -300 GENERATION=29
text 15 0 -500 PARENTS=-9266128936674546510708803659540666989570440318463045266854634092789923316019634195319186364987354661410697604753167801167177259691798259274535313963828899395054512892298208739898816592182784001477532694415068917387837429455519744.00
gstate $h
dot 15 1.0000 2.0000 1.0000 2.0000 1.0000 2.0000 1.0000 2.0000 1.0000 2.0000 1.0001 2.0001 1.0001 2.0001 1.0000 2.0000 1.0000 2.0000 1.0001 2.0001 1.0000 2.0000 1.0001 2.0001 1.0001 2.0001 1.0001 2.0001 1.0001 2.0001 1.0000 2.0000 1.0000 2.0000 1.0002 2.0002 1.0000 2.0000 1.0000 2.0000 
dot 15 1.0002 2.0002 1.0002 2.0002 1.0002 2.0001 1.0002 2.0002 1.0002 2.0002 1.0000 2.0000 1.0000 2.0000 1.0002 2.0002 1.0002 2.0002 1.0000 2.0001 1.0001 2.0001 1.0000 2.0000 1.0002 2.0002 1.0002 2.0002 1.0002 2.0002 0.9998 1.9998 1.0001 2.0001 1.0000 2.0000 0.9998 1.9998 1.0000 2.0000 
dot 15 1.0001 2.0001 1.0000 2.0000 1.0002 2.0002 1.0002 2.0002 0.9998 1.9998 1.0000 2.0000 1.0002 2.0002 1.0001 2.0001 1.0000 2.0000 1.0001 2.0001 1.0002 2.0002 1.0000 2.0000 1.0000 2.0000 1.0000 2.0000 1.0000 2.0000 0.9999 1.9999 0.9999 1.9999 1.0000 2.0000 1.0000 2.0000 1.0000 2.0000 
dot 15 1.0003 2.0003 0.9998 1.9998 1.0001 2.0001 1.0001 2.0001 1.0002 2.0002 1.0002 2.0002 1.0000 2.0000 0.9996 1.9996 1.0003 2.0003 0.9998 1.9998 
clear
gstate $g
translate 0 90
scale 0.03
text 15 0 0 {META RECORDED DIRECTIONAL }
text 15 0 -100 TARGET=-1
text 15 0 -200 BEST=2.442E-10
text 15 0 -300 GENERATION=30
text 15 0 -500 PARENTS=-9266128936674546510708803659540666989570440318463045266854634092789923316019634195319186364987354661410697604753167801167177259691798259274535313963828899395054512892298208739898816592182784001477532694415068917387837429455519744.00
gstate $h
dot 15 1.0000 2.0000 1.0000 2.0000 1.0000 2.0000 1.0000 2.0000 1.0000 2.0000 1.0000 2.0000 1.0000 2.0000 1.0000 2.0000 1.0000 2.0000 1.0000 2.0000 1.0000 2.0000 1.0000 2.0000 1.0000 2.0000 1.0000 2.0000 1.0001 2.0001 1.0000 2.0000 1.0000 2.0000 1.0000 2.0000 1.0001 2.0001 1.0001 2.0001 
dot 15 0.9999 1.9999 1.0000 2.0000 1.0000 2.0000 1.0000 2.0000 1.0001 2.0001 1.0001 2.0001 1.0001 2.0001 1.0001 2.0001 1.0000 2.0000 1.0001 2.0001 0.9999 1.9999 1.0000 2.0000 1.0000 2.0000 1.0000 2.0000 1.0001 2.0001 1.0001 2.0001 1.0000 2.0000 1.0001 2.0001 1.0001 2.0001 1.0001 2.0001 
dot 15 1.0000 2.0000 1.0000 2.0000 0.9999 1.9999 1.0001 2.0001 1.0000 2.0000 1.0001 2.0001 1.0001 2.0001 1.0001 2.0001 1.0001 2.0001 1.0000 2.0000 1.0001 2.0001 1.0001 2.0001 1.0001 2.0001 1.0000 2.0000 1.0000 2.0000 0.9999 1.9999 1.0001 2.0001 1.0000 2.0000 0.9999 1.9999 1.0000 2.0000 
dot 15 1.0000 2.0000 1.0000 2.0000 1.0001 2.0001 1.0002 2.0002 1.0002 2.0002 1.0001 2.0001 1.0000 2.0000 1.0000 2.0000 1.0000 2.0000 1.0002 2.0002 
clear
gstate $g
translate 0 90
scale 0.03
text 15 0 0 {META RECORDED DIRECTIONAL }
text 15 0 -100 TARGET=-1
text 15 0 -200 BEST=1.867E-10
text 15 0 -300 GENERATION=31
text 15 0 -500 PARENTS=-9266128936674546510708803659540666989570440318463045266854634092789923316019634195319186364987354661410697604753167801167177259691798259274535313963828899395054512892298208739898816592182784001477532694415068917387837429455519744.00
gstate $h
dot 15 1.0000 2.0000 1.0000 2.0000 1.0000 2.0000 1.0000 2.0000 1.0000 2.0000 1.0000 2.0000 1.0000 2.0000 1.0000 2.0000 1.0000 2.0000 1.0000 2.0000 1.0000 2.0000 1.0000 2.0000 1.0000 2.0000 1.0000 2.0000 1.0000 2.0000 1.0000 2.0000 1.0000 2.0000 1.0000 2.0000 1.0000 2.0000 1.0000 2.0000 
dot 15 1.0000 2.0000 1.0000 2.0000 1.0000 2.0000 1.0000 2.0000 1.0000 2.0000 1.0000 2.0000 1.0000 2.0000 1.0000 2.0000 1.0001 2.0001 0.9999 1.9999 1.0000 2.0000 1.0000 2.0000 1.0000 2.0000 1.0000 2.0000 1.0001 2.0001 1.0001 2.0001 1.0000 2.0000 1.0000 2.0000 1.0000 2.0000 0.9999 1.9999 
dot 15 1.0000 2.0000 1.0001 2.0001 1.0000 2.0000 1.0000 2.0000 1.0000 2.0000 1.0001 2.0001 1.0000 2.0000 1.0000 2.0000 1.0001 2.0001 0.9999 1.9999 1.0000 2.0000 1.0001 2.0001 1.0001 2.0001 0.9999 1.9999 0.9999 1.9999 0.9999 1.9998 1.0001 2.0001 1.0001 2.0001 1.0001 2.0001 1.0001 2.0001 
dot 15 1.0000 2.0000 1.0000 2.0000 1.0001 2.0001 1.0000 2.0000 1.0001 2.0001 0.9998 1.9998 1.0001 2.0001 0.9998 1.9998 0.9999 2.0000 1.0000 2.0000 
clear
gstate $g
translate 0 90
scale 0.03
text 15 0 0 {META RECORDED DIRECTIONAL }
text 15 0 -100 TARGET=-1
text 15 0 -200 BEST=1.867E-10
text 15 0 -300 GENERATION=32
text 15 0 -500 PARENTS=-9266128936674546510708803659540666989570440318463045266854634092789923316019634195319186364987354661410697604753167801167177259691798259274535313963828899395054512892298208739898816592182784001477532694415068917387837429455519744.00
gstate $h
dot 15 1.0000 2.0000 1.0000 2.0000 1.0000 2.0000 1.0000 2.0000 1.0000 2.0000 1.0000 2.0000 1.0000 2.0000 1.0000 2.0000 1.0000 2.0000 1.0000 2.0000 1.0000 2.0000 1.0000 2.0000 1.0000 2.0000 1.0000 2.0000 1.0000 2.0000 1.0000 2.0000 1.0000 2.0000 1.0000 2.0000 1.0000 2.0000 1.0000 2.0000 
dot 15 1.0000 2.0000 1.0000 2.0000 1.0000 2.0000 1.0000 2.0000 1.0000 2.0000 1.0000 2.0000 1.0000 2.0000 1.0000 2.0000 1.0000 2.0000 1.0000 2.0000 1.0000 2.0000 1.0000 2.0000 1.0000 2.0000 1.0000 2.0000 1.0000 2.0000 1.0000 2.0000 1.0000 2.0000 1.0000 2.0000 1.0001 2.0001 1.0000 2.0000 
dot 15 1.0000 2.0000 1.0000 2.0000 1.0001 2.0001 1.0000 2.0000 1.0000 2.0000 1.0000 2.0000 1.0000 2.0000 1.0000 2.0000 1.0000 2.0000 1.0000 2.0000 1.0000 2.0000 1.0000 2.0000 1.0000 2.0000 1.0000 2.0000 1.0001 2.0001 1.0000 2.0000 1.0000 2.0000 1.0000 2.0000 1.0000 2.0000 1.0000 2.0000 
dot 15 1.0000 2.0000 1.0000 2.0000 0.9999 2.0000 1.0000 2.0000 1.0000 2.0000 1.0001 2.0001 1.0000 2.0000 1.0000 2.0000 1.0000 2.0000 1.0000 2.0000 
clear
gstate $g
translate 0 90
scale 0.03
text 15 0 0 {META RECORDED DIRECTIONAL }
text 15 0 -100 TARGET=-1
text 15 0 -200 BEST=1.27E-10
text 15 0 -300 GENERATION=33
text 15 0 -500 PARENTS=-9266128936674546510708803659540666989570440318463045266854634092789923316019634195319186364987354661410697604753167801167177259691798259274535313963828899395054512892298208739898816592182784001477532694415068917387837429455519744.00
gstate $h
dot 15 1.0000 2.0000 1.0000 2.0000 1.0000 2.0000 1.0000 2.0000 1.0000 2.0000 1.0000 2.0000 1.0000 2.0000 1.0000 2.0000 1.0000 2.0000 1.0000 2.0000 1.0000 2.0000 1.0000 2.0000 1.0000 2.0000 1.0000 2.0000 1.0000 2.0000 1.0000 2.0000 1.0000 2.0000 1.0000 2.0000 1.0000 2.0000 1.0000 2.0000 
dot 15 1.0000 2.0000 1.0000 2.0000 1.0000 2.0000 1.0000 2.0000 1.0000 2.0000 1.0000 2.0000 1.0000 2.0000 1.0000 2.0000 1.0000 2.0000 1.0000 2.0000 1.0000 2.0000 1.0000 2.0000 1.0000 2.0000 1.0000 2.0000 1.0000 2.0000 1.0000 2.0000 1.0000 2.0000 1.0000 2.0000 1.0000 2.0000 1.0000 2.0000 
dot 15 1.0000 2.0000 1.0000 2.0000 1.0000 2.0000 1.0000 2.0000 1.0000 2.0000 1.0000 2.0000 1.0000 2.0000 1.0000 2.0000 1.0000 2.0000 1.0000 2.0000 1.0000 2.0000 1.0000 2.0000 1.0000 2.0000 1.0000 2.0000 1.0000 2.0000 1.0000 2.0000 1.0000 2.0000 1.0000 2.0000 1.0000 2.0000 1.0000 2.0000 
dot 15 1.0000 2.0000 1.0000 2.0000 1.0000 2.0000 1.0000 2.0000 1.0000 2.0000 1.0000 2.0000 1.0000 2.0000 1.0000 2.0000 1.0000 2.0000 1.0000 2.0000 
gstate $g