notice "Gaussian valley, hard turn"
set g [gstate]
scale 2.500 2.500
translate 20.000 20.000
set h [gstate]
clear
gstate $g
translate 0 90
scale 0.03
text 15 0 0 {META RECORDED DIRECTIONAL }
text 15 0 -100 TARGET=-1
text 15 0 -200 BEST=2.076E+06
text 15 0 -300 GENERATION=0
text 15 0 -500 PARENTS=-9266128936674546510708803659540666989570440318463045266854634092789923316019634195319186364987354661410697604753167801167177259691798259274535313963828899395054512892298208739898816592182784001477532694415068917387837429455519744.00
gstate $h
dot 15 18.5041 5.0959 18.5028 5.0938 18.5041 5.0890 18.5065 5.0766 18.5189 5.0813 18.5039 5.0642 18.5438 5.0977 18.5371 5.0868 18.5047 5.0527 18.5219 5.0694 18.5123 5.0571 18.5176 5.0609 18.5125 5.0537 18.5337 5.0731 18.5133 5.0518 18.5466 5.0844 18.5006 5.0367 18.5206 5.0520 18.5367 5.0673 18.5622 5.0925 
dot 15 18.5483 5.0774 18.5558 5.0847 18.5138 5.0421 18.5501 5.0770 18.5397 5.0627 18.5452 5.0679 18.5028 5.0252 18.5302 5.0520 18.5116 5.0326 18.5508 5.0715 18.5187 5.0355 18.5435 5.0561 18.5223 5.0346 18.5874 5.0978 18.5016 5.0092 18.5748 5.0813 18.5856 5.0911 18.5321 5.0371 18.5617 5.0662 18.5819 5.0864 
dot 15 18.5362 5.0390 18.5944 5.0930 18.5386 5.0357 18.5078 5.0043 18.5857 5.0786 18.5618 5.0533 18.5237 5.0143 18.5539 5.0405 18.5788 5.0636 18.5686 5.0510 18.5804 5.0614 18.5192 5.0001 18.5507 5.0316 18.5917 5.0721 18.5534 5.0320 18.5964 5.0737 18.6069 5.0798 18.6224 5.0943 18.5823 5.0517 18.5699 5.0358 
dot 15 18.5720 5.0362 18.6133 5.0767 18.5507 5.0128 18.6019 5.0632 18.5979 5.0575 18.5624 5.0200 18.5817 5.0393 18.5996 5.0564 18.6128 5.0665 18.5762 5.0292 
clear
gstate $g
translate 0 90
scale 0.03
text 15 0 0 {META RECORDED DIRECTIONAL }
text 15 0 -100 TARGET=-1
text 15 0 -200 BEST=2.051E+06
text 15 0 -300 GENERATION=1
text 15 0 -500 PARENTS=-9266128936674546510708803659540666989570440318463045266854634092789923316019634195319186364987354661410697604753167801167177259691798259274535313963828899395054512892298208739898816592182784001477532694415068917387837429455519744.00
gstate $h
dot 15 18.4619 5.1435 18.4503 5.1304 18.4898 5.1663 18.5101 5.1791 18.4798 5.1485 18.4853 5.1475 18.4427 5.0935 18.4986 5.1482 18.4626 5.1027 18.5122 5.1511 18.5115 5.1439 18.4675 5.0996 18.5296 5.1612 18.5002 5.1292 18.4689 5.0964 18.4850 5.1118 18.5040 5.1273 18.5251 5.1464 18.4848 5.1044 18.4932 5.1096 
dot 15 18.4855 5.1009 18.5396 5.1539 18.5207 5.1311 18.4648 5.0724 18.4810 5.0882 18.4718 5.0785 18.4768 5.0831 18.5045 5.1045 18.4616 5.0615 18.5571 5.1550 18.5305 5.1275 18.5048 5.1007 18.5146 5.1093 18.4974 5.0918 18.4978 5.0915 18.4616 5.0543 18.4769 5.0688 18.5143 5.1061 18.5041 5.0959 18.5028 5.0938 
dot 15 18.5418 5.1323 18.4691 5.0594 18.5084 5.0973 18.5336 5.1203 18.4711 5.0563 18.5041 5.0890 18.5279 5.1125 18.4746 5.0590 18.4949 5.0793 18.4493 5.0327 18.4456 5.0287 18.5332 5.1163 18.4590 5.0410 18.4993 5.0809 18.5010 5.0826 18.4816 5.0632 18.4690 5.0505 18.4962 5.0774 18.5049 5.0847 18.5065 5.0854 
dot 15 18.4991 5.0770 18.4824 5.0588 18.5443 5.1181 18.5272 5.1000 18.4937 5.0655 18.5038 5.0743 18.5065 5.0766 18.5128 5.0824 18.4814 5.0498 18.5519 5.1203 
clear
gstate $g
translate 0 90
scale 0.03
text 15 0 0 {META RECORDED DIRECTIONAL }
text 15 0 -100 TARGET=-1
text 15 0 -200 BEST=1.946E+06
text 15 0 -300 GENERATION=2
text 15 0 -500 PARENTS=-9266128936674546510708803659540666989570440318463045266854634092789923316019634195319186364987354661410697604753167801167177259691798259274535313963828899395054512892298208739898816592182784001477532694415068917387837429455519744.00
gstate $h
dot 15 18.2538 5.3043 18.3479 5.3801 18.2956 5.3023 18.3069 5.2961 18.5641 5.5382 18.3732 5.3144 18.2931 5.2307 18.4463 5.3636 18.4166 5.3272 18.2676 5.1681 18.4553 5.3278 18.4767 5.3381 18.3696 5.2300 18.2722 5.1270 18.4811 5.3246 18.4472 5.2855 18.2360 5.0685 18.5161 5.3427 18.5828 5.4041 18.4085 5.2265 
dot 15 18.4093 5.2265 18.4775 5.2923 18.4731 5.2841 18.2524 5.0634 18.3176 5.1274 18.4931 5.2994 18.4397 5.2457 18.5205 5.3234 18.4387 5.2413 18.4653 5.2655 18.4830 5.2817 18.3308 5.1244 18.3301 5.1229 18.4190 5.2119 18.5697 5.3600 18.4902 5.2780 18.4375 5.2204 18.3398 5.1180 18.4406 5.2166 18.3646 5.1388 
dot 15 18.4309 5.2001 18.4676 5.2368 18.3739 5.1364 18.4077 5.1698 18.3532 5.1153 18.3925 5.1542 18.4311 5.1918 18.4192 5.1799 18.5134 5.2706 18.5085 5.2594 18.4993 5.2488 18.4372 5.1857 18.4022 5.1503 18.5415 5.2845 18.4432 5.1857 18.4559 5.1978 18.4542 5.1955 18.4784 5.2197 18.4668 5.2070 18.4671 5.2043 
dot 15 18.4829 5.2198 18.5259 5.2622 18.4307 5.1662 18.4569 5.1908 18.5263 5.2586 18.4919 5.2224 18.4890 5.2181 18.5368 5.2650 18.4558 5.1813 18.4819 5.2071 
clear
gstate $g
translate 0 90
scale 0.03
text 15 0 0 {META RECORDED DIRECTIONAL }
text 15 0 -100 TARGET=-1
text 15 0 -200 BEST=1.616E+06
text 15 0 -300 GENERATION=3
text 15 0 -500 PARENTS=-9266128936674546510708803659540666989570440318463045266854634092789923316019634195319186364987354661410697604753167801167177259691798259274535313963828899395054512892298208739898816592182784001477532694415068917387837429455519744.00
gstate $h
dot 15 17.5143 5.8050 17.7293 5.7689 18.1428 6.1457 17.7892 5.7475 17.8484 5.7836 17.7951 5.7089 18.1062 5.9570 17.9487 5.7927 17.8104 5.6407 17.8556 5.6601 17.9939 5.7686 17.6343 5.3960 18.3934 6.0855 17.9342 5.5921 17.9283 5.5849 17.5083 5.1414 18.1977 5.8113 18.2599 5.8535 18.2532 5.8373 17.9198 5.5030 
dot 15 18.7264 6.3082 18.0540 5.6214 17.9446 5.5120 18.3254 5.8912 17.7891 5.3388 17.8077 5.3350 18.2681 5.7916 18.0302 5.5517 18.1214 5.6344 17.8232 5.3326 17.9450 5.4521 18.5321 6.0376 18.1153 5.6069 18.3867 5.8694 17.9945 5.4736 18.1370 5.6139 18.1211 5.5965 18.0474 5.5060 17.8625 5.3123 18.5488 5.9894 
dot 15 18.3083 5.7283 18.2888 5.7078 18.2971 5.7137 17.6014 5.0165 18.3682 5.7833 18.7883 6.2033 17.6501 5.0621 18.3414 5.7521 18.3578 5.7635 18.1376 5.5333 18.3002 5.6936 18.1867 5.5717 18.6287 6.0027 18.3619 5.7238 18.3360 5.6953 18.2159 5.5436 18.1032 5.4242 18.7316 6.0518 18.7963 6.1113 18.3896 5.7024 
dot 15 18.3243 5.6366 18.3769 5.6842 18.3749 5.6760 18.7298 6.0304 18.0795 5.3754 18.0925 5.3762 17.9907 5.2742 17.9896 5.2652 18.4230 5.6953 18.2979 5.5645 
clear
gstate $g
translate 0 90
scale 0.03
text 15 0 0 {META RECORDED DIRECTIONAL }
text 15 0 -100 TARGET=-1
text 15 0 -200 BEST=3.98E+05
text 15 0 -300 GENERATION=4
text 15 0 -500 PARENTS=-9266128936674546510708803659540666989570440318463045266854634092789923316019634195319186364987354661410697604753167801167177259691798259274535313963828899395054512892298208739898816592182784001477532694415068917387837429455519744.00
gstate $h
dot 15 14.8389 9.5337 13.4837 5.7474 17.2468 9.1688 15.7017 7.1785 15.7864 6.8726 15.6464 6.7106 16.8686 7.9197 16.9187 7.7444 15.8941 6.7132 16.7106 7.3861 16.3970 6.6098 16.3418 6.4703 14.6523 4.6067 16.4791 6.4163 17.8166 7.7520 16.8233 6.7246 16.4570 6.3472 16.7349 6.6137 16.0941 5.9579 16.1460 5.9383 
dot 15 16.9173 6.6292 16.8434 6.5492 16.6801 6.3838 16.4247 6.1110 15.1954 4.8690 16.8292 6.5032 17.8406 7.4904 17.7172 7.3593 17.9647 7.5963 16.7593 6.3842 17.2044 6.7760 17.2281 6.7758 17.7579 7.2519 15.7328 5.2192 18.0655 7.5487 17.2556 6.7231 16.9179 6.3610 17.0495 6.4726 16.9973 6.4123 17.0300 6.3840 
dot 15 16.4764 5.8032 17.5824 6.8991 16.9443 6.2530 17.0198 6.3203 16.7753 5.9746 15.9381 5.1353 17.6134 6.8049 16.8223 5.9927 17.5537 6.7142 16.9237 6.0767 17.7325 6.8676 16.9574 6.0852 17.1709 6.2942 16.7559 5.8736 18.4893 7.5837 17.9399 7.0193 16.8996 5.9562 17.7466 6.7932 17.2255 6.2709 16.1772 5.2099 
dot 15 17.8079 6.8284 18.1563 7.1217 17.2439 6.2041 17.2407 6.1972 17.9730 6.9276 17.1331 6.0737 16.6282 5.5546 17.1868 6.1084 18.0672 6.9774 17.8837 6.7923 
clear
gstate $g
translate 0 90
scale 0.03
text 15 0 0 {META RECORDED DIRECTIONAL }
text 15 0 -100 TARGET=-1
text 15 0 -200 BEST=4241
text 15 0 -300 GENERATION=5
text 15 0 -500 PARENTS=-9266128936674546510708803659540666989570440318463045266854634092789923316019634195319186364987354661410697604753167801167177259691798259274535313963828899395054512892298208739898816592182784001477532694415068917387837429455519744.00
gstate $h
dot 15 14.4345 16.0250 14.1004 15.7013 15.3500 15.5949 12.3567 14.2181 15.1824 15.0626 14.0269 16.2484 9.4343 9.1081 12.6189 12.0186 15.2950 14.4939 11.5379 10.5785 10.9124 9.7988 8.1543 11.9366 11.7774 9.6679 9.7558 13.9272 11.9040 9.3145 14.0761 19.2018 5.8427 11.2596 16.4458 12.7217 6.0066 2.1959 13.4581 9.6302 
dot 15 12.8206 8.7778 12.6306 8.5572 13.4009 9.2251 13.9085 9.6363 7.8097 3.5252 13.6729 9.2815 15.1319 10.7304 13.6083 9.1293 17.1655 12.5940 16.2691 11.6085 13.0805 8.3405 16.4630 11.6226 13.6434 8.7719 15.4002 10.4975 10.7919 5.8393 12.5811 7.6059 13.8368 8.8235 8.0556 3.0372 5.8021 12.8824 17.8997 12.7961 
dot 15 13.2803 8.1455 1.2877 -3.8637 14.8389 9.5337 14.3829 9.0180 13.4770 8.0633 13.6936 8.2142 13.4798 7.9302 15.1864 9.5950 13.5921 7.9935 15.4488 9.7406 13.5756 7.8462 14.8758 9.1421 13.4760 7.6530 13.7669 7.9408 14.7691 8.8274 14.1568 7.8681 13.7019 7.3668 13.5618 7.1816 14.8387 8.3407 13.9120 7.3737 
dot 15 14.1598 7.6027 15.0341 8.4628 14.2700 7.6850 14.1737 7.5870 14.3475 7.7566 14.2446 7.6511 14.3194 7.6775 12.7801 5.9966 13.8847 7.1014 14.8975 8.1138 
clear
gstate $g
translate 0 90
scale 0.03
text 15 0 0 {META RECORDED DIRECTIONAL }
text 15 0 -100 TARGET=-1
text 15 0 -200 BEST=1300
text 15 0 -300 GENERATION=6
text 15 0 -500 PARENTS=-9266128936674546510708803659540666989570440318463045266854634092789923316019634195319186364987354661410697604753167801167177259691798259274535313963828899395054512892298208739898816592182784001477532694415068917387837429455519744.00
gstate $h
dot 15 18.0241 19.1394 11.8986 12.5998 12.0434 12.6956 5.2070 6.7179 10.9807 12.4750 12.6542 13.0917 14.4345 16.0250 14.1004 15.7013 10.2463 10.5972 13.6999 14.0171 15.3500 15.5949 12.3567 14.2181 11.1150 13.0483 15.4834 15.5461 10.0175 10.0371 9.5122 11.5239 15.1824 15.0626 8.8127 10.9555 13.1126 12.9803 10.2394 10.0805 
dot 15 11.1651 13.3300 14.0269 16.2484 11.7444 14.0331 12.6353 12.3205 9.4343 9.1081 9.0398 11.4692 11.9435 11.5134 9.6317 12.0774 12.6189 12.0186 11.1290 10.5185 10.2379 12.9912 12.3738 11.5849 15.2950 14.4939 12.6639 15.4826 16.2190 19.1266 8.5226 11.4571 9.3621 12.3000 10.1922 9.2508 11.5379 10.5785 15.2282 18.2148 
dot 15 10.9124 9.7988 13.4692 16.6912 8.0604 11.2950 12.4216 15.7423 10.7527 14.2080 13.0840 11.5225 11.2051 9.6078 11.4236 9.7971 19.5247 17.8914 8.1543 11.9366 12.2293 16.0761 9.7307 13.6000 15.4319 19.3841 11.7774 9.6679 9.7558 13.9272 8.5195 12.7639 8.5291 12.8563 12.5699 17.1137 11.9040 9.3145 11.9758 16.6332 
dot 15 12.0605 9.3771 16.2890 13.4800 13.1901 10.3505 12.3805 17.3539 12.7859 9.8002 14.8469 19.8710 7.7273 12.8382 -11.5439 -14.6508 13.3162 10.1945 14.0761 19.2018 
clear
gstate $g
translate 0 90
scale 0.03
text 15 0 0 {META RECORDED DIRECTIONAL }
text 15 0 -100 TARGET=-1
text 15 0 -200 BEST=594.9
text 15 0 -300 GENERATION=7
text 15 0 -500 PARENTS=-9266128936674546510708803659540666989570440318463045266854634092789923316019634195319186364987354661410697604753167801167177259691798259274535313963828899395054512892298208739898816592182784001477532694415068917387837429455519744.00
gstate $h
dot 15 8.3804 9.5731 9.4194 10.6401 12.7054 13.5220 16.1747 17.1108 10.0943 10.8359 10.6766 11.4168 8.2476 8.9386 15.7901 16.9807 13.5110 14.2577 18.0241 19.1394 11.8986 12.5998 14.0741 15.3663 12.0434 12.6956 9.0712 9.6003 5.2070 6.7179 10.9807 12.4750 12.6542 13.0917 12.6087 13.0408 14.3460 14.7830 10.9509 11.3305 
dot 15 14.4345 16.0250 14.1004 15.7013 10.2463 10.5972 13.7164 14.0576 10.2909 10.5954 9.9062 10.2024 13.6999 14.0171 9.7679 11.4889 14.8790 16.5810 9.4928 11.2546 10.6927 10.9307 15.3500 15.5949 14.3092 16.1085 9.7371 9.8768 12.3567 14.2181 14.7651 14.8591 11.1150 13.0483 8.7179 8.7702 15.6244 15.7080 15.4834 15.5461 
dot 15 12.9721 13.0189 10.0175 10.0371 9.5122 11.5239 7.9325 7.8957 11.5839 11.5551 15.8133 15.7825 12.6585 12.6102 7.6697 9.7601 15.1824 15.0626 8.8127 10.9555 13.1126 12.9803 8.4190 10.5700 10.3976 10.2460 10.2394 10.0805 36.8171 36.7688 14.8116 17.0588 15.5814 15.3127 14.1226 13.8109 9.1073 11.4673 12.5670 12.1778 
dot 15 16.1391 15.7574 15.8846 15.4282 8.0884 10.5759 12.5983 12.0962 8.5516 7.9623 5.9077 8.6063 8.1939 10.9013 16.3767 15.6794 13.8142 12.9843 14.0577 13.1970 
clear
gstate $g
translate 0 90
scale 0.03
text 15 0 0 {META RECORDED DIRECTIONAL }
text 15 0 -100 TARGET=-1
text 15 0 -200 BEST=342.4
text 15 0 -300 GENERATION=8
text 15 0 -500 PARENTS=-9266128936674546510708803659540666989570440318463045266854634092789923316019634195319186364987354661410697604753167801167177259691798259274535313963828899395054512892298208739898816592182784001477532694415068917387837429455519744.00
gstate $h
dot 15 9.8444 10.7883 10.0087 10.8787 11.5387 12.6358 8.3804 9.5731 7.2632 8.4838 6.5022 7.7408 10.0103 11.2015 10.7155 11.5188 9.4194 10.6401 9.8944 11.1156 13.2491 14.0891 12.7054 13.5220 16.1747 17.1108 10.0943 10.8359 10.6766 11.4168 11.4979 12.2493 6.2572 6.9468 8.2476 8.9386 15.7901 16.9807 13.5110 14.2577 
dot 15 18.0241 19.1394 13.7811 15.0413 11.8986 12.5998 9.9817 11.3094 10.5023 11.1748 12.2820 13.5824 9.7959 10.4589 14.0741 15.3663 12.1710 12.8361 12.0434 12.6956 12.0986 13.4765 13.7771 15.1523 21.0870 21.8260 13.9005 15.3006 9.0712 9.6003 16.1584 16.7498 6.4950 6.9987 13.8629 15.3028 5.2070 6.7179 10.1864 10.6966 
dot 15 10.9807 12.4750 7.4416 7.9149 9.6206 11.1366 17.2481 18.7095 13.9004 15.4173 12.7125 14.2460 6.4330 8.0103 9.6757 11.2428 14.3866 14.8498 12.6542 13.0917 12.6087 13.0408 7.3057 8.9066 14.3460 14.7830 8.7513 10.3529 18.8745 20.3897 14.0250 14.4284 10.9509 11.3305 12.8853 14.5295 10.4872 12.1492 14.1817 15.8236 
dot 15 12.3884 14.0444 8.8169 10.5350 13.0686 13.3687 3.9131 5.6606 9.6471 11.3860 12.3834 12.6375 12.9190 13.1536 14.2324 14.4658 16.1334 16.3266 8.5497 8.6936 
clear
gstate $g
translate 0 90
scale 0.03
text 15 0 0 {META RECORDED DIRECTIONAL }
text 15 0 -100 TARGET=-1
text 15 0 -200 BEST=296.5
text 15 0 -300 GENERATION=9
text 15 0 -500 PARENTS=-9266128936674546510708803659540666989570440318463045266854634092789923316019634195319186364987354661410697604753167801167177259691798259274535313963828899395054512892298208739898816592182784001477532694415068917387837429455519744.00
gstate $h
dot 15 9.1362 10.0783 9.8107 10.7718 9.7064 10.7587 9.8444 10.7883 9.7094 10.7741 10.0723 11.0200 10.5636 11.5417 9.6626 10.7466 9.5808 10.6971 9.9096 10.7995 10.0574 11.1637 11.0644 11.9813 10.0087 10.8787 10.5770 11.4606 11.8584 12.7984 9.7763 10.9257 10.2322 11.3720 11.5387 12.6358 10.6600 11.7941 8.3804 9.5731 
dot 15 9.8063 10.9846 9.1402 9.9431 7.2632 8.4838 13.7743 14.7764 6.5022 7.7408 10.0103 11.2015 9.5139 10.7241 10.7155 11.5188 10.0017 11.2082 9.4194 10.6401 13.8252 14.7095 9.8944 11.1156 13.2491 14.0891 9.8360 11.0671 9.4861 10.7226 12.7054 13.5220 9.6528 10.9031 16.1747 17.1108 10.0154 11.2682 10.0943 10.8359 
dot 15 10.6766 11.4168 11.4979 12.2493 6.2572 6.9468 11.8318 13.0775 9.2671 9.9709 10.9389 11.6623 8.2476 8.9386 10.1612 11.4549 15.7901 16.9807 13.5110 14.2577 10.3772 11.6858 9.3389 10.6973 8.9494 9.5719 20.4449 21.2949 21.4799 22.5502 10.0957 11.4834 12.2822 13.6539 19.3627 20.0854 5.4408 5.9852 11.0234 11.5848 
dot 15 9.9163 11.3785 12.5974 13.1447 9.8702 11.3464 13.2337 14.6896 12.7466 13.2745 7.7631 8.2484 10.6093 11.1064 14.1950 14.7029 9.1210 10.6519 11.0839 11.5615 
clear
gstate $g
translate 0 90
scale 0.03
text 15 0 0 {META RECORDED DIRECTIONAL }
text 15 0 -100 TARGET=-1
text 15 0 -200 BEST=296.5
text 15 0 -300 GENERATION=10
text 15 0 -500 PARENTS=-9266128936674546510708803659540666989570440318463045266854634092789923316019634195319186364987354661410697604753167801167177259691798259274535313963828899395054512892298208739898816592182784001477532694415068917387837429455519744.00
gstate $h
dot 15 9.1362 10.0783 9.7402 10.7370 9.7428 10.7405 9.7230 10.7343 9.7451 10.7358 9.7404 10.7202 9.7990 10.7833 9.8006 10.7793 9.7500 10.7766 9.8264 10.8082 9.7052 10.7377 9.7873 10.7585 9.8107 10.7718 9.6727 10.7215 9.7710 10.7247 10.0357 11.0460 9.7064 10.7587 9.5732 10.5034 9.8444 10.7883 9.6818 10.7442 
dot 15 9.7094 10.7741 9.6900 10.7568 10.3762 11.3652 10.3916 11.3873 10.0723 11.0200 9.9069 10.8419 10.3853 11.4110 10.4464 11.4692 10.5588 11.5526 10.5636 11.5417 10.5984 11.5849 10.4190 11.3753 10.5542 11.5235 9.6626 10.7466 10.4348 11.4792 9.6544 10.7413 10.3121 11.3699 9.6239 10.7175 9.6473 10.7420 10.2193 11.1436 
dot 15 9.6538 10.7500 9.4636 10.5784 9.6492 10.7596 9.5808 10.6971 9.9096 10.7995 10.0574 11.1637 9.9301 10.8159 9.6446 10.7662 9.6509 10.7731 9.9155 10.7975 11.7629 12.7493 11.0644 11.9813 9.6308 10.7640 10.0087 10.8787 10.5770 11.4606 11.8584 12.7984 11.8920 12.8330 10.0248 10.8866 10.6704 11.5502 9.9180 10.7714 
dot 15 9.7763 10.9257 10.2322 11.3720 9.6078 10.7628 11.5387 12.6358 10.6600 11.7941 9.5564 10.7234 8.3804 9.5731 9.5973 10.7717 10.2090 11.3865 9.4794 10.6741 
clear
gstate $g
translate 0 90
scale 0.03
text 15 0 0 {META RECORDED DIRECTIONAL }
text 15 0 -100 TARGET=-1
text 15 0 -200 BEST=296.5
text 15 0 -300 GENERATION=11
text 15 0 -500 PARENTS=-9266128936674546510708803659540666989570440318463045266854634092789923316019634195319186364987354661410697604753167801167177259691798259274535313963828899395054512892298208739898816592182784001477532694415068917387837429455519744.00
gstate $h
dot 15 9.1362 10.0783 9.6233 10.6352 9.6201 10.6333 9.6065 10.6233 9.6491 10.6554 9.6582 10.6534 9.6881 10.6803 9.6661 10.6801 9.6295 10.6508 9.6757 10.6581 9.6592 10.6383 9.6830 10.6955 9.7067 10.6930 9.7261 10.7203 9.7321 10.7284 9.7344 10.7361 9.7356 10.7317 9.7332 10.7361 9.7249 10.7327 9.7402 10.7370 
dot 15 9.7428 10.7405 9.7230 10.7343 9.7464 10.7500 9.7451 10.7358 9.7345 10.7449 9.6812 10.7026 9.7464 10.7356 9.7627 10.7677 9.7282 10.7082 9.7401 10.7213 9.7579 10.7427 9.7640 10.7745 9.7404 10.7202 9.6465 10.6762 9.7466 10.7621 9.6791 10.7051 9.7599 10.7435 9.6268 10.6592 9.6971 10.7218 9.7988 10.7924 
dot 15 9.6058 10.5662 9.7406 10.7165 9.6713 10.7009 9.8061 10.8123 9.7691 10.7489 9.7934 10.8053 9.7418 10.7163 9.7990 10.7833 9.7439 10.7172 9.7572 10.7317 9.8087 10.8225 9.7726 10.7936 9.6654 10.6994 9.7793 10.7547 9.7802 10.7558 9.8006 10.7793 9.7327 10.7016 9.7184 10.6855 9.6601 10.6955 9.6663 10.7014 
dot 15 9.6832 10.7166 9.7500 10.7766 9.8264 10.8082 9.8111 10.7895 9.7052 10.7377 9.7730 10.7436 9.7859 10.7580 9.7789 10.7491 9.7873 10.7585 9.6555 10.6961 
clear
gstate $g
translate 0 90
scale 0.03
text 15 0 0 {META RECORDED DIRECTIONAL }
text 15 0 -100 TARGET=-1
text 15 0 -200 BEST=285.8
text 15 0 -300 GENERATION=12
text 15 0 -500 PARENTS=-9266128936674546510708803659540666989570440318463045266854634092789923316019634195319186364987354661410697604753167801167177259691798259274535313963828899395054512892298208739898816592182784001477532694415068917387837429455519744.00
gstate $h
dot 15 9.4320 10.4422 9.4613 10.4579 9.4760 10.4755 9.5247 10.5136 9.4890 10.5055 9.5360 10.5422 9.5139 10.5306 9.5671 10.5718 9.5644 10.5547 9.5762 10.5625 9.5352 10.5126 9.5474 10.5647 9.5785 10.5642 9.5184 10.5410 9.6090 10.6058 9.5556 10.5731 9.1362 10.0783 9.6178 10.6155 9.6170 10.6118 9.6173 10.6252 
dot 15 9.6044 10.5872 9.6327 10.6379 9.6168 10.6277 9.6367 10.6400 9.6414 10.6437 9.5186 10.5467 9.6233 10.6352 9.6187 10.6319 9.6201 10.6333 9.5172 10.5461 9.6549 10.6558 9.6065 10.6233 9.6491 10.6554 9.6582 10.6534 9.6187 10.6344 9.5877 10.6090 9.6639 10.6670 9.6710 10.6709 9.6719 10.6684 9.6655 10.6565 
dot 15 9.5140 10.4792 9.4523 10.4896 9.6178 10.6365 9.6128 10.6324 9.6767 10.6688 9.6772 10.6676 9.5701 10.5975 9.6881 10.6803 9.6661 10.6801 9.6703 10.6837 9.6519 10.6692 9.6295 10.6508 9.6990 10.7052 9.5877 10.6150 9.7061 10.6984 9.7033 10.7093 9.6757 10.6581 9.6592 10.6383 9.6830 10.6955 9.6796 10.6615 
dot 15 9.7202 10.7173 9.7217 10.7225 9.7080 10.7163 9.4948 10.5328 9.7061 10.7162 9.7233 10.7167 9.6224 10.5937 9.7067 10.6930 9.7261 10.7203 9.7321 10.7284 
clear
gstate $g
translate 0 90
scale 0.03
text 15 0 0 {META RECORDED DIRECTIONAL }
text 15 0 -100 TARGET=-1
text 15 0 -200 BEST=239.2
text 15 0 -300 GENERATION=13
text 15 0 -500 PARENTS=-9266128936674546510708803659540666989570440318463045266854634092789923316019634195319186364987354661410697604753167801167177259691798259274535313963828899395054512892298208739898816592182784001477532694415068917387837429455519744.00
gstate $h
dot 15 8.2632 9.2086 9.0205 10.0231 9.0229 10.0293 9.1296 10.1324 9.1332 10.1536 9.1547 10.1342 9.1022 10.1293 9.2190 10.1962 9.2821 10.3024 8.9729 10.0215 9.3670 10.3656 9.3597 10.3718 9.3691 10.3807 9.3729 10.3581 9.4023 10.4022 9.3458 10.3649 9.4188 10.4126 9.4004 10.3858 9.4291 10.4287 9.3139 10.3407 
dot 15 9.3940 10.4098 9.4391 10.4455 9.4508 10.4478 9.4504 10.4464 9.4320 10.4422 9.4613 10.4579 9.4639 10.4632 9.4722 10.4706 9.4735 10.4749 9.4760 10.4755 9.4805 10.4821 9.4815 10.4724 9.4303 10.4487 9.4833 10.4733 9.3860 10.3571 9.4625 10.4760 9.4466 10.4646 9.5092 10.5046 9.5084 10.4996 9.5088 10.5154 
dot 15 9.5086 10.5153 9.4458 10.4669 9.5227 10.5199 9.2016 10.2469 9.5229 10.5293 9.5131 10.5237 9.5247 10.5136 9.4890 10.5055 9.4695 10.4457 9.5423 10.5381 9.5360 10.5422 9.5453 10.5437 9.5413 10.5317 9.5475 10.5402 9.5373 10.5247 9.5279 10.5403 9.5588 10.5532 9.5139 10.5306 9.5165 10.5331 9.5117 10.4906 
dot 15 9.5647 10.5680 9.5323 10.5465 9.3237 10.3629 9.5315 10.5134 9.5671 10.5718 9.5644 10.5547 9.5738 10.5729 9.3266 10.2832 9.5794 10.5718 9.5508 10.5645 
clear
gstate $g
translate 0 90
scale 0.03
text 15 0 0 {META RECORDED DIRECTIONAL }
text 15 0 -100 TARGET=-1
text 15 0 -200 BEST=187.8
text 15 0 -300 GENERATION=14
text 15 0 -500 PARENTS=-9266128936674546510708803659540666989570440318463045266854634092789923316019634195319186364987354661410697604753167801167177259691798259274535313963828899395054512892298208739898816592182784001477532694415068917387837429455519744.00
gstate $h
dot 15 7.8059 8.7887 8.0532 9.0360 7.7774 8.8234 8.1955 9.1767 8.2983 9.3050 8.3655 9.3557 8.3568 9.3751 8.4412 9.4326 8.4097 9.3894 8.4826 9.4748 8.4022 9.3715 8.2077 9.2511 8.2307 9.2732 8.0481 8.9908 7.9890 9.0468 8.4119 9.3740 8.1269 9.1814 8.6871 9.6856 8.7213 9.7213 8.6468 9.6672 
dot 15 8.2632 9.2086 8.4975 9.4577 8.4834 9.4409 8.7039 9.6830 8.7722 9.7719 8.7727 9.7884 8.8201 9.8212 8.8594 9.8611 8.5131 9.5613 8.9302 9.9334 8.9753 9.9755 8.9722 9.9637 8.9711 9.9776 8.9717 9.9582 8.9223 9.9429 8.7439 9.7016 9.0105 10.0152 9.0205 10.0231 9.0229 10.0293 7.8698 8.7851 
dot 15 9.0430 10.0505 9.0605 10.0527 8.6384 9.6892 8.5733 9.6282 9.0017 9.9737 9.1107 10.1069 9.0178 9.9912 9.0438 10.0195 9.0916 10.1049 9.1296 10.1324 8.8290 9.8724 9.0930 10.0705 9.1737 10.1748 9.1820 10.1849 9.2018 10.1985 9.0340 10.0656 9.0642 10.0323 9.1332 10.1536 9.1547 10.1342 9.2078 10.2100 
dot 15 8.9730 10.0108 9.1729 10.1887 9.2158 10.2065 9.1022 10.1293 9.0940 10.1225 9.1783 10.1958 9.2160 10.2256 9.1627 10.1846 9.2489 10.2511 9.1916 10.2101 
clear
gstate $g
translate 0 90
scale 0.03
text 15 0 0 {META RECORDED DIRECTIONAL }
text 15 0 -100 TARGET=-1
text 15 0 -200 BEST=95.68
text 15 0 -300 GENERATION=15
text 15 0 -500 PARENTS=-9266128936674546510708803659540666989570440318463045266854634092789923316019634195319186364987354661410697604753167801167177259691798259274535313963828899395054512892298208739898816592182784001477532694415068917387837429455519744.00
gstate $h
dot 15 5.8904 6.8910 5.7602 6.7881 6.0071 7.0501 6.3019 7.3384 6.7482 7.7548 6.7689 7.7605 6.7876 7.7740 6.4928 7.5405 7.0664 8.0502 6.7596 7.7161 6.8296 7.7882 7.1093 8.0874 6.3357 7.4011 7.1740 8.1488 7.1056 8.1352 7.1069 8.0719 6.8175 7.8670 7.4585 8.4848 7.5576 8.5403 7.6052 8.6098 
dot 15 7.3878 8.3509 6.7204 7.7871 5.4419 6.5410 7.6829 8.6727 7.4722 8.4363 7.0724 8.1287 7.6617 8.6387 7.5986 8.6258 7.6044 8.5721 7.6110 8.6410 7.8059 8.7887 7.7179 8.7445 7.3709 8.4209 7.8620 8.8704 7.7263 8.6905 5.7261 6.6226 7.5422 8.5901 8.0011 8.9994 7.9766 8.9881 7.9831 8.9645 
dot 15 6.8555 7.9337 7.3669 8.3038 8.0532 9.0360 8.0423 9.0227 8.0938 9.1006 7.8525 8.8925 7.7774 8.8234 8.1955 9.1767 8.2886 9.2849 4.1644 5.0323 8.0319 8.9913 8.2983 9.3050 7.6743 8.7330 7.5227 8.4548 8.3349 9.3317 7.8586 8.9093 8.0722 9.0310 8.3655 9.3557 8.3568 9.3751 7.5539 8.6226 
dot 15 8.4293 9.4249 8.4308 9.4272 8.4412 9.4326 8.4300 9.4156 6.0552 7.1641 8.4097 9.3894 8.4183 9.3971 8.4826 9.4748 8.5375 9.5354 8.4022 9.3715 
clear
gstate $g
translate 0 90
scale 0.03
text 15 0 0 {META RECORDED DIRECTIONAL }
text 15 0 -100 TARGET=-1
text 15 0 -200 BEST=5.189
text 15 0 -300 GENERATION=16
text 15 0 -500 PARENTS=-9266128936674546510708803659540666989570440318463045266854634092789923316019634195319186364987354661410697604753167801167177259691798259274535313963828899395054512892298208739898816592182784001477532694415068917387837429455519744.00
gstate $h
dot 15 1.7891 2.7725 2.2598 3.2488 3.2914 4.3136 3.5359 4.5258 4.0468 5.0559 2.2491 3.3125 2.3983 3.4662 4.2752 5.2362 4.7642 5.7768 4.5266 5.5597 4.6614 5.6269 4.5966 5.5510 4.5268 5.4778 4.6121 5.6598 4.6107 5.5587 4.9898 5.9501 5.3761 6.3374 5.8027 6.7835 5.8904 6.8910 5.9295 6.9240 
dot 15 5.7602 6.7881 4.5480 5.4735 2.7082 3.8061 3.9712 4.8807 5.6558 6.5986 5.7901 6.7373 5.5029 6.5637 6.0071 7.0501 5.7594 6.7043 3.9868 4.8942 5.5701 6.6312 6.3019 7.3384 5.8735 6.8143 6.7482 7.7548 6.7689 7.7605 6.7876 7.7740 6.6344 7.5989 6.8154 7.8356 6.4928 7.5405 6.6645 7.6196 
dot 15 7.0664 8.0502 7.0733 8.0888 6.7596 7.7161 6.7148 7.6674 6.8296 7.7882 7.1093 8.0874 4.5693 5.6700 6.7545 7.8019 6.3357 7.4011 7.1740 8.1488 7.1056 8.1352 7.1069 8.0719 6.8175 7.8670 6.1532 7.2269 5.9840 7.0624 6.4753 7.4070 7.2908 8.2564 6.6029 7.6690 6.5780 7.6461 7.4891 8.4675 
dot 15 7.1488 8.1939 7.2449 8.2847 7.2215 8.2629 7.4585 8.4848 7.5576 8.5403 7.6052 8.6098 6.9170 7.9755 5.0793 6.1882 6.5262 7.6072 7.3860 8.3332 
clear
gstate $g
translate 0 90
scale 0.03
text 15 0 0 {META RECORDED DIRECTIONAL }
text 15 0 -100 TARGET=-1
text 15 0 -200 BEST=2.466
text 15 0 -300 GENERATION=17
text 15 0 -500 PARENTS=-9266128936674546510708803659540666989570440318463045266854634092789923316019634195319186364987354661410697604753167801167177259691798259274535313963828899395054512892298208739898816592182784001477532694415068917387837429455519744.00
gstate $h
dot 15 0.9400 1.9556 1.7891 2.7725 -0.1338 0.8773 2.2598 3.2488 2.7496 3.7632 0.8484 1.8888 2.5534 3.5225 3.0910 4.1036 -1.1531 -0.1610 2.2872 3.2483 3.3200 4.3059 3.2914 4.3136 3.5359 4.5258 -1.5837 -0.5607 1.8724 2.9293 4.0468 5.0559 2.8577 3.9126 3.3098 4.3596 -0.5422 0.5191 2.2491 3.3125 
dot 15 0.5983 1.6667 4.2346 5.2632 -0.2858 0.7817 2.5650 3.6304 2.3983 3.4662 4.2752 5.2362 4.7642 5.7768 4.5266 5.5597 4.6614 5.6269 4.5966 5.5510 4.5454 5.5917 4.5268 5.4778 4.6121 5.6598 4.6107 5.5587 4.9898 5.9501 5.2607 6.2878 5.4556 6.4671 5.3761 6.3374 5.8027 6.7835 5.8904 6.8910 
dot 15 5.9295 6.9240 1.0870 2.1869 -2.8217 -1.7532 3.7696 4.8566 -4.4991 -3.4670 1.8428 2.9588 2.9519 3.8340 -1.4849 -0.6052 0.7665 1.8986 0.1766 1.3082 1.6965 2.8295 1.3591 2.4936 1.0101 2.1450 1.7363 2.5950 4.7636 5.8865 -1.5165 -0.3792 1.4764 2.6225 4.5517 5.4215 -1.7676 -0.6264 3.9289 5.0733 
dot 15 4.6082 5.4686 3.1582 4.3139 6.9480 8.0569 -0.9896 -0.1472 -4.5775 -3.7122 7.7792 8.6634 3.9535 5.1265 1.1616 1.9774 3.2125 4.0276 -6.8483 -5.9558 
clear
gstate $g
translate 0 90
scale 0.03
text 15 0 0 {META RECORDED DIRECTIONAL }
text 15 0 -100 TARGET=-1
text 15 0 -200 BEST=0.3986
text 15 0 -300 GENERATION=18
text 15 0 -500 PARENTS=-9266128936674546510708803659540666989570440318463045266854634092789923316019634195319186364987354661410697604753167801167177259691798259274535313963828899395054512892298208739898816592182784001477532694415068917387837429455519744.00
gstate $h
dot 15 0.8557 1.8613 0.6495 1.6496 1.2112 2.2252 0.9400 1.9556 1.7891 2.7725 -0.1204 0.8692 -0.1338 0.8773 1.4989 2.4748 0.6548 1.6291 2.2598 3.2488 1.4632 2.4936 2.7496 3.7632 1.6192 2.6548 2.9631 3.9568 0.8484 1.8888 2.5534 3.5225 3.0910 4.1036 -1.1531 -0.1610 3.1049 4.1183 2.7485 3.7185 
dot 15 2.2872 3.2483 3.0956 4.0737 3.3200 4.3059 1.9844 3.0288 3.2914 4.3136 3.5359 4.5258 2.4511 3.4936 -1.4082 -0.3850 3.3032 4.2758 -1.1655 -0.1337 -1.5837 -0.5607 2.7885 3.8333 1.8724 2.9293 4.0468 5.0559 1.7253 2.7857 3.5645 4.5285 3.2464 4.2908 2.4310 3.3712 2.8577 3.9126 3.3098 4.3596 
dot 15 -0.5422 0.5191 2.2491 3.3125 2.9476 3.8883 4.1826 5.2142 -2.4286 -1.4028 4.0758 5.1210 -1.0333 0.0354 -3.0008 -1.9661 4.5247 5.4703 2.1072 3.0172 0.5740 1.4809 3.5674 4.4823 2.6623 3.7564 5.8393 6.8086 5.0516 6.1128 1.3495 2.2464 6.0633 7.0366 2.7033 3.8038 0.4176 1.3094 6.2709 7.3018 
dot 15 4.7082 5.7919 4.0999 4.9990 5.2025 6.2932 2.6968 3.8189 -3.8667 -2.9533 6.3138 7.2350 3.2860 4.4185 -2.1060 -0.9789 3.3802 4.5131 0.5367 1.6832 
clear
gstate $g
translate 0 90
scale 0.03
text 15 0 0 {META RECORDED DIRECTIONAL }
text 15 0 -100 TARGET=-1
text 15 0 -200 BEST=0.3986
text 15 0 -300 GENERATION=19
text 15 0 -500 PARENTS=-9266128936674546510708803659540666989570440318463045266854634092789923316019634195319186364987354661410697604753167801167177259691798259274535313963828899395054512892298208739898816592182784001477532694415068917387837429455519744.00
gstate $h
dot 15 0.8557 1.8613 0.6495 1.6496 1.2112 2.2252 0.9400 1.9556 1.7891 2.7725 -0.1204 0.8692 -0.1338 0.8773 1.4989 2.4748 0.6548 1.6291 -0.2989 0.7099 2.2598 3.2488 2.0560 3.0351 1.4632 2.4936 2.8156 3.8218 2.7496 3.7632 1.6192 2.6548 2.9631 3.9568 0.8484 1.8888 3.0440 4.0416 2.9840 3.9939 
dot 15 2.5534 3.5225 3.0910 4.1036 -1.1531 -0.1610 3.1049 4.1183 2.9335 3.9573 2.7485 3.7185 2.8412 3.8702 0.7971 1.8444 3.3807 4.3694 -1.1585 -0.1826 2.9137 3.9550 -1.3978 -0.4282 1.4557 2.3992 -0.9070 0.0504 3.2611 4.3060 3.2272 4.1735 0.2893 1.2196 3.6503 4.6008 2.6203 3.6862 -2.1243 -1.1629 
dot 15 -2.7133 -1.7189 -2.8753 -1.8869 -2.8532 -1.8688 1.9339 2.8568 -2.6938 -1.7239 2.6485 3.7222 -0.7722 0.1536 -0.8254 0.0981 -3.2172 -2.1993 -3.5727 -2.5898 0.2344 1.3301 2.7875 3.8773 0.2166 1.3162 -3.0284 -1.9516 1.6969 2.8070 -3.9181 -2.8625 2.0515 2.9396 -2.4655 -1.5662 -2.1423 -1.2481 -3.6322 -2.5391 
dot 15 2.8651 3.7380 -0.8382 0.2980 0.6707 1.5215 4.5842 5.7161 2.7592 3.6099 -4.3215 -3.4388 -0.2440 0.9172 -5.5478 -4.6438 3.1444 4.3024 2.5805 3.7414 
clear
gstate $g
translate 0 90
scale 0.03
text 15 0 0 {META RECORDED DIRECTIONAL }
text 15 0 -100 TARGET=-1
text 15 0 -200 BEST=0.3986
text 15 0 -300 GENERATION=20
text 15 0 -500 PARENTS=-9266128936674546510708803659540666989570440318463045266854634092789923316019634195319186364987354661410697604753167801167177259691798259274535313963828899395054512892298208739898816592182784001477532694415068917387837429455519744.00
gstate $h
dot 15 0.8557 1.8613 0.6495 1.6496 1.2112 2.2252 0.9400 1.9556 1.9450 2.9454 2.0815 3.0778 1.7891 2.7725 -0.1204 0.8692 -0.1338 0.8773 1.4989 2.4748 0.6548 1.6291 -0.2989 0.7099 2.2598 3.2488 1.5885 2.5635 -0.1446 0.8380 2.0560 3.0351 2.5118 3.5145 -0.5697 0.4355 1.4632 2.4936 2.4060 3.4216 
dot 15 2.5859 3.5923 2.4194 3.3980 2.8156 3.8218 0.0058 0.9749 2.6734 3.6900 2.7496 3.7632 1.6192 2.6548 2.8343 3.8442 0.9456 1.9066 2.8055 3.7891 2.4809 3.5070 2.9631 3.9568 2.7500 3.7690 0.8484 1.8888 3.0440 4.0416 2.9840 3.9939 2.8907 3.9066 3.0108 4.0012 -0.7336 0.2359 3.1624 4.1816 
dot 15 3.2708 4.2878 2.4069 3.3626 -1.7391 -0.7389 -0.9225 0.0376 2.5983 3.5522 3.6794 4.7032 1.6297 2.5716 3.6415 4.6099 -0.8195 0.2312 -2.1426 -1.1564 -2.0364 -1.0616 1.5998 2.5341 -1.2045 -0.1456 1.2618 2.1871 0.8748 1.7993 -1.7840 -0.8365 -2.8634 -1.8847 1.9682 3.0477 0.0628 1.1484 2.7944 3.7126 
dot 15 -3.1114 -2.1637 3.8818 4.9629 -1.0628 -0.1536 -0.6931 0.2129 -1.2789 -0.3764 -1.4770 -0.3788 1.5848 2.4744 -1.7299 -0.6289 -1.9543 -0.8551 2.9523 4.0626 
clear
gstate $g
translate 0 90
scale 0.03
text 15 0 0 {META RECORDED DIRECTIONAL }
text 15 0 -100 TARGET=-1
text 15 0 -200 BEST=0.2687
text 15 0 -300 GENERATION=21
text 15 0 -500 PARENTS=-9266128936674546510708803659540666989570440318463045266854634092789923316019634195319186364987354661410697604753167801167177259691798259274535313963828899395054512892298208739898816592182784001477532694415068917387837429455519744.00
gstate $h
dot 15 0.7478 1.7467 0.9643 1.9698 1.2118 2.2160 0.8557 1.8613 0.6495 1.6496 1.5721 2.5796 1.2112 2.2252 0.9400 1.9556 1.5905 2.5769 1.6300 2.6435 1.9450 2.9454 1.6304 2.6155 2.0386 3.0374 0.1079 1.0971 1.7342 2.7185 1.8739 2.8866 2.0815 3.0778 1.7891 2.7725 -0.0130 0.9768 1.8985 2.8824 
dot 15 -0.1204 0.8692 -0.1338 0.8773 1.4989 2.4748 0.6548 1.6291 -0.2989 0.7099 2.2598 3.2488 1.5885 2.5635 1.7319 2.7083 2.1531 3.1375 -0.3896 0.6174 -0.1446 0.8380 2.0560 3.0351 2.2251 3.2416 2.5118 3.5145 2.4367 3.4243 2.2207 3.2010 -0.5697 0.4355 1.4632 2.4936 -0.1319 0.8907 2.4060 3.4216 
dot 15 2.4576 3.4750 2.0737 3.1002 1.3061 2.3405 1.6480 2.6151 1.7351 2.7700 2.4183 3.3818 2.7374 3.7027 1.6054 2.5573 -0.9816 -0.0154 1.7424 2.6867 -0.8830 0.0731 -1.9227 -0.9352 -1.7155 -0.7418 -0.7545 0.1960 -1.7698 -0.8007 1.6995 2.6368 -0.9379 0.0069 0.9270 1.9990 1.3668 2.2907 2.6495 3.7191 
dot 15 1.2768 2.1957 1.2244 2.1402 1.7908 2.7043 -3.0389 -2.0768 -0.8716 0.2131 2.1430 3.0511 0.1324 1.2303 2.8411 3.7471 -3.3954 -2.4457 -2.6185 -1.6931 
clear
gstate $g
translate 0 90
scale 0.03
text 15 0 0 {META RECORDED DIRECTIONAL }
text 15 0 -100 TARGET=-1
text 15 0 -200 BEST=0.2687
text 15 0 -300 GENERATION=22
text 15 0 -500 PARENTS=-9266128936674546510708803659540666989570440318463045266854634092789923316019634195319186364987354661410697604753167801167177259691798259274535313963828899395054512892298208739898816592182784001477532694415068917387837429455519744.00
gstate $h
dot 15 0.7478 1.7467 0.9643 1.9698 1.2118 2.2160 0.8557 1.8613 0.6495 1.6496 1.5919 2.5912 1.5965 2.5980 1.5887 2.5847 1.5963 2.5899 1.6457 2.6495 1.5721 2.5796 1.6277 2.6333 1.2112 2.2252 1.6888 2.6953 0.9400 1.9556 1.5793 2.5899 1.6830 2.6918 1.7043 2.7126 1.5905 2.5769 0.4651 1.4507 
dot 15 1.7582 2.7677 1.6300 2.6435 1.6576 2.6710 1.9450 2.9454 1.6304 2.6155 1.6429 2.6578 1.6278 2.6435 2.0386 3.0374 0.1079 1.0971 1.1364 2.1573 1.7342 2.7185 1.2691 2.2900 1.8739 2.8866 2.0815 3.0778 1.5787 2.5975 2.0852 3.0895 1.9033 2.9164 1.7891 2.7725 -0.0130 0.9768 1.6200 2.6398 
dot 15 1.8985 2.8824 1.3784 2.4017 2.1799 3.1890 1.1607 2.1859 1.6089 2.6323 1.6109 2.6352 1.0035 2.0314 1.9890 2.9688 1.0460 2.0742 1.5083 2.5363 1.5965 2.5687 1.6189 2.6467 1.6208 2.6494 1.6215 2.6502 1.6259 2.6549 2.2896 3.2651 1.6329 2.5994 1.5603 2.5941 -0.3985 0.6245 1.6398 2.6765 
dot 15 1.6301 2.6678 0.5750 1.5353 1.7618 2.8004 1.7405 2.7798 0.2768 1.3183 1.7057 2.6632 1.5737 2.6174 1.6934 2.7368 -0.0541 0.9030 -0.1729 0.8705 
clear
gstate $g
translate 0 90
scale 0.03
text 15 0 0 {META RECORDED DIRECTIONAL }
text 15 0 -100 TARGET=-1
text 15 0 -200 BEST=0.2342
text 15 0 -300 GENERATION=23
text 15 0 -500 PARENTS=-9266128936674546510708803659540666989570440318463045266854634092789923316019634195319186364987354661410697604753167801167177259691798259274535313963828899395054512892298208739898816592182784001477532694415068917387837429455519744.00
gstate $h
dot 15 0.7954 1.7980 0.7478 1.7467 0.9643 1.9698 1.2118 2.2160 0.8557 1.8613 0.6495 1.6496 1.1710 2.1606 1.5823 2.5818 1.5446 2.5401 1.5919 2.5912 1.5892 2.5915 1.5965 2.5980 1.5978 2.5959 1.5962 2.5934 1.5887 2.5847 1.5871 2.5911 1.6200 2.6172 1.6282 2.6256 1.5831 2.5888 1.5620 2.5685 
dot 15 1.5963 2.5899 1.6457 2.6495 1.5429 2.5509 1.6112 2.6170 1.6699 2.6671 1.5813 2.5884 1.5721 2.5796 1.5934 2.5863 1.6277 2.6333 1.5856 2.5929 1.6082 2.6014 0.2930 1.2915 1.6215 2.6283 1.2112 2.2252 1.7204 2.7177 1.6216 2.6136 1.7013 2.7065 1.7330 2.7362 1.6888 2.6953 0.9400 1.9556 
dot 15 1.5793 2.5899 1.5848 2.5956 0.6041 1.5900 1.6010 2.6119 1.6830 2.6918 1.7043 2.7126 1.5818 2.5937 1.6844 2.6744 1.8267 2.8229 0.2940 1.2847 1.7102 2.7194 1.5785 2.5910 1.7928 2.7851 1.5905 2.5769 0.4651 1.4507 0.7469 1.7642 1.5815 2.5953 1.7340 2.7231 1.5971 2.5830 1.5951 2.6097 
dot 15 1.7252 2.7400 0.7951 1.8157 1.6489 2.6319 1.5849 2.6027 1.5967 2.5788 1.5822 2.6005 1.3260 2.3047 1.5781 2.5974 1.5830 2.6021 1.5775 2.5970 
clear
gstate $g
translate 0 90
scale 0.03
text 15 0 0 {META RECORDED DIRECTIONAL }
text 15 0 -100 TARGET=-1
text 15 0 -200 BEST=0.2342
text 15 0 -300 GENERATION=24
text 15 0 -500 PARENTS=-9266128936674546510708803659540666989570440318463045266854634092789923316019634195319186364987354661410697604753167801167177259691798259274535313963828899395054512892298208739898816592182784001477532694415068917387837429455519744.00
gstate $h
dot 15 0.7954 1.7980 0.7478 1.7467 0.9643 1.9698 1.2118 2.2160 0.8557 1.8613 0.6495 1.6496 1.5223 2.5216 1.5266 2.5258 1.5318 2.5313 1.5369 2.5347 1.1710 2.1606 1.5495 2.5499 1.5286 2.5253 1.5720 2.5703 1.5823 2.5818 1.5446 2.5401 1.5864 2.5871 1.5660 2.5691 1.5909 2.5913 1.5919 2.5912 
dot 15 1.5975 2.5978 1.5892 2.5915 1.5887 2.5910 1.5947 2.5927 1.5608 2.5650 1.5965 2.5980 1.6022 2.6018 1.6000 2.6010 1.5986 2.5969 1.5978 2.5959 1.5921 2.5948 1.6056 2.6039 1.6110 2.6111 1.5962 2.5934 1.5876 2.5909 1.6114 2.6101 1.6015 2.5985 1.6150 2.6137 1.5887 2.5847 0.5372 1.5455 
dot 15 1.6064 2.6091 1.5871 2.5911 1.6232 2.6239 1.6254 2.6243 1.5848 2.5799 1.5448 2.5512 1.6200 2.6172 1.5865 2.5913 1.6142 2.6174 1.5874 2.5823 1.4939 2.4857 1.6282 2.6256 1.5639 2.5699 1.6406 2.6415 1.6218 2.6182 1.6024 2.6070 1.6410 2.6389 1.5831 2.5888 1.5842 2.5899 1.5620 2.5685 
dot 15 1.5918 2.5973 1.5806 2.5867 1.6083 2.6136 1.5845 2.5909 1.5986 2.5925 1.6727 2.6713 1.6567 2.6534 1.5269 2.5182 1.5828 2.5896 1.5758 2.5685 
clear
gstate $g
translate 0 90
scale 0.03
text 15 0 0 {META RECORDED DIRECTIONAL }
text 15 0 -100 TARGET=-1
text 15 0 -200 BEST=0.2342
text 15 0 -300 GENERATION=25
text 15 0 -500 PARENTS=-9266128936674546510708803659540666989570440318463045266854634092789923316019634195319186364987354661410697604753167801167177259691798259274535313963828899395054512892298208739898816592182784001477532694415068917387837429455519744.00
gstate $h
dot 15 0.7954 1.7980 0.7478 1.7467 0.9643 1.9698 1.2118 2.2160 0.8557 1.8613 0.6495 1.6496 1.4845 2.4843 1.5036 2.5037 1.5223 2.5216 1.5135 2.5158 1.5266 2.5258 1.4960 2.4921 1.5318 2.5313 1.5107 2.5075 1.5198 2.5168 1.5441 2.5436 1.5459 2.5457 1.5369 2.5347 1.1710 2.1606 1.5495 2.5499 
dot 15 1.5520 2.5516 1.5286 2.5253 1.5534 2.5524 1.5371 2.5341 1.5343 2.5311 1.5620 2.5621 1.5617 2.5624 1.5534 2.5509 1.5352 2.5314 1.5355 2.5317 1.5624 2.5604 1.5554 2.5584 1.5720 2.5703 1.5387 2.5344 1.5372 2.5415 1.5453 2.5412 1.5783 2.5770 1.5823 2.5818 1.5829 2.5833 1.5609 2.5575 
dot 15 1.5446 2.5401 1.5223 2.5168 1.5864 2.5871 1.5660 2.5691 1.5909 2.5913 1.5874 2.5857 1.5844 2.5862 1.5919 2.5912 1.5733 2.5701 1.5574 2.5614 1.5962 2.5955 1.5738 2.5704 1.4816 2.4744 1.5282 2.5225 1.6027 2.6017 1.5211 2.5148 1.5395 2.5337 1.4779 2.4701 1.5090 2.5158 1.6088 2.6108 
dot 15 1.6013 2.5979 1.5023 2.5098 1.5738 2.5681 1.4763 2.4676 1.4623 2.4533 1.5222 2.5144 1.5727 2.5789 1.5366 2.5288 1.5332 2.5252 1.5711 2.5777 
clear
gstate $g
translate 0 90
scale 0.03
text 15 0 0 {META RECORDED DIRECTIONAL }
text 15 0 -100 TARGET=-1
text 15 0 -200 BEST=0.2342
text 15 0 -300 GENERATION=26
text 15 0 -500 PARENTS=-9266128936674546510708803659540666989570440318463045266854634092789923316019634195319186364987354661410697604753167801167177259691798259274535313963828899395054512892298208739898816592182784001477532694415068917387837429455519744.00
gstate $h
dot 15 0.7954 1.7980 0.7478 1.7467 0.9643 1.9698 1.2118 2.2160 0.8557 1.8613 0.6495 1.6496 1.3699 2.3700 0.8231 1.8163 1.3808 2.3827 1.4414 2.4449 1.4845 2.4843 1.5036 2.5037 1.4936 2.4959 1.5107 2.5107 1.3886 2.3952 1.5167 2.5161 1.5178 2.5178 1.5072 2.5047 1.5139 2.5120 1.5223 2.5216 
dot 15 1.5135 2.5158 1.5135 2.5110 1.5266 2.5258 1.4960 2.4921 1.5306 2.5303 1.5241 2.5222 1.5318 2.5313 1.5107 2.5075 1.5349 2.5345 1.4894 2.4849 1.5357 2.5348 1.5198 2.5168 1.5385 2.5396 1.5441 2.5436 1.5444 2.5448 1.5459 2.5457 1.5453 2.5443 1.5369 2.5347 1.1710 2.1606 1.5495 2.5499 
dot 15 1.5476 2.5486 1.5250 2.5283 1.5389 2.5412 1.5513 2.5505 1.5380 2.5350 1.5406 2.5431 1.4727 2.4667 1.5000 2.4948 1.5348 2.5314 1.5359 2.5325 1.5033 2.4983 1.4645 2.4580 1.4999 2.4945 1.5275 2.5232 1.4535 2.4465 1.5095 2.5145 1.5267 2.5219 1.5180 2.5125 1.5454 2.5498 1.5055 2.5116 
dot 15 1.4151 2.4235 1.4606 2.4530 1.5296 2.5236 1.4384 2.4298 1.5199 2.5134 1.5179 2.5113 1.4656 2.4576 1.4973 2.5044 1.4886 2.4811 1.5184 2.5116 
clear
gstate $g
translate 0 90
scale 0.03
text 15 0 0 {META RECORDED DIRECTIONAL }
text 15 0 -100 TARGET=-1
text 15 0 -200 BEST=0.04888
text 15 0 -300 GENERATION=27
text 15 0 -500 PARENTS=-9266128936674546510708803659540666989570440318463045266854634092789923316019634195319186364987354661410697604753167801167177259691798259274535313963828899395054512892298208739898816592182784001477532694415068917387837429455519744.00
gstate $h
dot 15 1.0380 2.0400 1.1288 2.1294 1.1235 2.1212 1.1072 2.1109 0.7954 1.7980 0.7478 1.7467 0.9643 1.9698 1.2118 2.2160 1.3023 2.3015 1.2106 2.2151 0.8557 1.8613 1.2899 2.2868 0.6495 1.6496 1.3151 2.3114 1.3531 2.3510 1.3699 2.3700 0.8231 1.8163 1.3847 2.3834 1.3808 2.3827 1.2814 2.2876 
dot 15 1.4083 2.4110 1.4370 2.4366 1.4358 2.4384 1.4395 2.4421 1.4510 2.4530 1.4414 2.4449 1.4845 2.4843 1.4623 2.4651 1.4603 2.4636 1.4732 2.4759 1.4891 2.4903 1.4801 2.4823 1.5036 2.5037 1.5055 2.5060 1.4936 2.4959 1.5107 2.5107 1.4094 2.4155 1.3886 2.3952 1.5149 2.5147 1.5146 2.5150 
dot 15 1.5154 2.5155 1.5024 2.5047 1.5167 2.5161 1.5178 2.5178 1.5072 2.5047 1.4913 2.4947 1.5139 2.5120 1.5223 2.5216 1.5144 2.5162 1.5032 2.5061 1.5142 2.5118 1.5130 2.5156 1.4893 2.4849 1.5276 2.5256 1.5044 2.5001 1.5165 2.5124 1.4939 2.4887 1.4871 2.4815 1.4946 2.4892 1.5487 2.5511 
dot 15 1.5089 2.5136 1.5103 2.5151 1.5470 2.5438 1.5081 2.5134 1.5149 2.5204 1.5217 2.5275 1.4847 2.4773 1.5181 2.5112 1.5058 2.5133 1.5048 2.5125 
clear
gstate $g
translate 0 90
scale 0.03
text 15 0 0 {META RECORDED DIRECTIONAL }
text 15 0 -100 TARGET=-1
text 15 0 -200 BEST=0.03448
text 15 0 -300 GENERATION=28
text 15 0 -500 PARENTS=-9266128936674546510708803659540666989570440318463045266854634092789923316019634195319186364987354661410697604753167801167177259691798259274535313963828899395054512892298208739898816592182784001477532694415068917387837429455519744.00
gstate $h
dot 15 1.0203 2.0185 1.0380 2.0400 1.0756 2.0773 1.1288 2.1294 1.0778 2.0806 1.1235 2.1212 1.1827 2.1829 1.1807 2.1817 1.2134 2.2135 1.2123 2.2118 1.1072 2.1109 0.9231 1.9187 1.2388 2.2392 1.1746 2.1712 0.7954 1.7980 1.1914 2.1883 1.2324 2.2308 1.2055 2.2085 0.7478 1.7467 1.2577 2.2583 
dot 15 1.2610 2.2621 1.2480 2.2502 0.9643 1.9698 1.1546 2.1497 1.1543 2.1592 1.2118 2.2160 1.2865 2.2845 1.3023 2.3015 1.2106 2.2151 1.2314 2.2271 0.8557 1.8613 1.1476 2.1532 1.2899 2.2868 1.3207 2.3188 1.2403 2.2355 1.3402 2.3396 1.2009 2.1953 0.6495 1.6496 1.3332 2.3309 1.2846 2.2804 
dot 15 1.2454 2.2400 1.3151 2.3114 1.3565 2.3577 1.1145 2.1214 1.3531 2.3510 1.3329 2.3297 1.3699 2.3700 1.3627 2.3609 1.3033 2.3076 1.3397 2.3363 0.8231 1.8163 1.3825 2.3832 0.6909 1.6955 1.1908 2.1840 1.3847 2.3834 1.3888 2.3882 1.3925 2.3929 1.3808 2.3827 1.3884 2.3869 1.3831 2.3808 
dot 15 1.4101 2.4096 1.3936 2.3909 1.4049 2.4028 1.2814 2.2876 1.4103 2.4081 1.3454 2.3402 1.3297 2.3236 1.2819 2.2746 1.4108 2.4060 1.4470 2.4510 
clear
gstate $g
translate 0 90
scale 0.03
text 15 0 0 {META RECORDED DIRECTIONAL }
text 15 0 -100 TARGET=-1
text 15 0 -200 BEST=0.00484
text 15 0 -300 GENERATION=29
text 15 0 -500 PARENTS=-9266128936674546510708803659540666989570440318463045266854634092789923316019634195319186364987354661410697604753167801167177259691798259274535313963828899395054512892298208739898816592182784001477532694415068917387837429455519744.00
gstate $h
dot 15 1.0153 2.0147 0.9546 1.9541 0.9763 1.9772 1.0352 2.0368 1.0203 2.0185 1.0410 2.0429 1.0380 2.0400 1.0756 2.0773 1.0357 2.0378 1.1288 2.1294 1.0778 2.0806 0.8588 1.8604 1.1235 2.1212 0.8924 1.8897 1.1827 2.1829 1.0715 2.0748 0.9046 1.9078 1.1550 2.1571 1.1807 2.1817 1.1702 2.1683 
dot 15 1.1262 2.1231 1.1997 2.1993 0.8343 1.8318 1.2118 2.2116 1.2134 2.2135 1.2123 2.2118 1.1072 2.1109 1.0890 2.0851 0.8458 1.8489 0.9241 1.9199 1.1856 2.1829 0.9231 1.9187 1.2388 2.2392 1.1746 2.1712 0.7954 1.7980 1.1914 2.1883 1.2324 2.2308 1.2060 2.2032 1.1003 2.1049 1.2055 2.2085 
dot 15 0.7478 1.7467 1.2577 2.2583 0.7529 1.7511 1.2081 2.2117 0.8637 1.8686 0.9094 1.9149 1.2448 2.2410 0.6783 1.6785 0.8862 1.8924 0.9907 1.9975 1.1326 2.1260 1.2162 2.2221 1.3699 2.3705 1.2924 2.2970 1.3058 2.3014 0.6326 1.6305 1.1632 2.1701 1.1650 2.1578 1.1110 2.1033 1.1226 2.1306 
dot 15 1.2455 2.2523 1.0255 2.0345 1.1625 2.1714 1.2893 2.2971 1.1046 2.1146 0.9113 1.9004 1.0285 2.0400 0.9271 1.9156 0.9415 1.9292 0.8949 1.9071 
clear
gstate $g
translate 0 90
scale 0.03
text 15 0 0 {META RECORDED DIRECTIONAL }
text 15 0 -100 TARGET=-1
text 15 0 -200 BEST=0.00484
text 15 0 -300 GENERATION=30
text 15 0 -500 PARENTS=-9266128936674546510708803659540666989570440318463045266854634092789923316019634195319186364987354661410697604753167801167177259691798259274535313963828899395054512892298208739898816592182784001477532694415068917387837429455519744.00
gstate $h
dot 15 1.0153 2.0147 0.9546 1.9541 0.9763 1.9772 1.0540 2.0544 1.0257 2.0269 1.0352 2.0368 1.0203 2.0185 1.0890 2.0896 1.0410 2.0429 1.0380 2.0400 1.0047 2.0070 1.0756 2.0773 1.0357 2.0378 1.1288 2.1294 1.1310 2.1302 0.8814 1.8835 1.0778 2.0806 0.8588 1.8604 1.1235 2.1212 1.1256 2.1278 
dot 15 1.1603 2.1613 1.0004 1.9970 0.8924 1.8897 1.1827 2.1829 1.0715 2.0748 0.9046 1.9078 1.1550 2.1571 1.1807 2.1817 1.1702 2.1683 1.1489 2.1517 1.2089 2.2071 0.7853 1.7868 0.8878 1.8839 0.8474 1.8512 0.7484 1.7495 0.8815 1.8769 1.0950 2.0901 0.8556 1.8506 0.7956 1.8001 0.7262 1.7235 
dot 15 0.6890 1.6887 1.1761 2.1813 0.8288 1.8340 1.0513 2.0575 0.7691 1.7736 1.1006 2.1070 0.6481 1.6469 1.1307 2.1240 0.8468 1.8535 0.7255 1.7305 1.0640 2.0714 1.0351 2.0426 1.1923 2.1851 0.7490 1.7425 0.6768 1.6823 0.6022 1.5990 0.7187 1.7121 0.6364 1.6419 0.8236 1.8322 1.0510 2.0602 
dot 15 0.6259 1.6318 0.8042 1.7952 0.9306 1.9405 0.7006 1.7088 0.6403 1.6331 0.7251 1.7339 1.1433 2.1331 0.8408 1.8302 1.0811 2.0922 0.7170 1.7073 
clear
gstate $g
translate 0 90
scale 0.03
text 15 0 0 {META RECORDED DIRECTIONAL }
text 15 0 -100 TARGET=-1
text 15 0 -200 BEST=0.00484
text 15 0 -300 GENERATION=31
text 15 0 -500 PARENTS=-9266128936674546510708803659540666989570440318463045266854634092789923316019634195319186364987354661410697604753167801167177259691798259274535313963828899395054512892298208739898816592182784001477532694415068917387837429455519744.00
gstate $h
dot 15 1.0153 2.0147 1.0354 2.0349 0.9546 1.9541 0.9763 1.9772 1.0540 2.0544 1.0257 2.0269 1.0352 2.0368 1.0215 2.0197 1.0335 2.0352 1.0859 2.0866 1.0203 2.0185 1.0890 2.0896 1.0410 2.0429 1.0380 2.0400 1.0047 2.0070 1.0756 2.0773 1.0357 2.0378 1.0706 2.0724 1.0296 2.0319 0.9986 2.0011 
dot 15 0.9088 1.9107 0.9213 1.9235 1.1288 2.1294 1.1310 2.1302 1.1060 2.1043 0.9544 1.9518 0.9460 1.9433 0.9837 1.9867 0.8770 1.8789 0.8814 1.8835 1.0778 2.0806 0.8588 1.8604 1.1235 2.1212 1.1256 2.1278 0.9548 1.9582 1.1051 2.1087 0.8712 1.8748 0.8888 1.8849 0.8701 1.8738 0.8913 1.8955 
dot 15 0.9893 1.9942 0.8132 1.8098 0.9764 1.9712 0.8170 1.8209 1.0436 2.0491 0.7661 1.7696 0.7028 1.7032 0.7539 1.7573 1.0783 2.0845 0.7716 1.7764 0.7834 1.7885 1.0089 2.0017 0.9120 1.9193 0.9274 1.9348 1.1062 2.0987 1.3928 2.3933 1.2747 2.2808 0.7770 1.7701 0.6765 1.6817 1.4170 2.4164 
dot 15 0.6045 1.6075 1.0573 2.0659 1.1816 2.1894 1.4357 2.4351 1.1004 2.1091 0.9264 1.9362 0.9543 1.9643 0.5651 1.5595 0.5600 1.5664 0.5466 1.5526 
clear
gstate $g
translate 0 90
scale 0.03
text 15 0 0 {META RECORDED DIRECTIONAL }
text 15 0 -100 TARGET=-1
text 15 0 -200 BEST=0.00169
text 15 0 -300 GENERATION=32
text 15 0 -500 PARENTS=-9266128936674546510708803659540666989570440318463045266854634092789923316019634195319186364987354661410697604753167801167177259691798259274535313963828899395054512892298208739898816592182784001477532694415068917387837429455519744.00
gstate $h
dot 15 0.9878 1.9874 1.0231 2.0231 1.0153 2.0147 0.9887 1.9880 1.0354 2.0349 1.0033 2.0043 0.9546 1.9541 1.0230 2.0239 0.9763 1.9772 1.0540 2.0544 0.9404 1.9404 1.0544 2.0549 0.9601 1.9611 1.0257 2.0269 1.0665 2.0664 0.9910 1.9896 1.0114 2.0099 1.0352 2.0368 1.0215 2.0197 1.0335 2.0352 
dot 15 1.0859 2.0866 1.0203 2.0185 1.0890 2.0896 1.0940 2.0945 1.0410 2.0429 1.1040 2.1035 0.9244 1.9260 1.0156 2.0178 1.0380 2.0400 1.0186 2.0208 0.9758 1.9736 1.0047 2.0070 1.0756 2.0773 1.0357 2.0378 1.0706 2.0724 1.1117 2.1126 0.8855 1.8847 1.0348 2.0371 1.0296 2.0319 1.0281 2.0305 
dot 15 0.9877 1.9902 0.9986 2.0011 1.1276 2.1281 1.0618 2.0642 1.0856 2.0876 1.0159 2.0187 0.9671 1.9643 1.0300 2.0329 1.0148 2.0177 1.0142 2.0172 1.0360 2.0389 1.0368 2.0397 1.0365 2.0395 0.9312 1.9284 0.9427 1.9397 0.9825 1.9792 0.9443 1.9477 1.0580 2.0545 0.9930 1.9894 1.0330 2.0292 
dot 15 0.8399 1.8376 0.8846 1.8813 0.7954 1.7952 1.0262 2.0303 0.9369 1.9411 0.9840 1.9885 1.1455 2.1420 1.0355 2.0310 0.9122 1.9077 0.8994 1.8950 
clear
gstate $g
translate 0 90
scale 0.03
text 15 0 0 {META RECORDED DIRECTIONAL }
text 15 0 -100 TARGET=-1
text 15 0 -200 BEST=0.00169
text 15 0 -300 GENERATION=33
text 15 0 -500 PARENTS=-9266128936674546510708803659540666989570440318463045266854634092789923316019634195319186364987354661410697604753167801167177259691798259274535313963828899395054512892298208739898816592182784001477532694415068917387837429455519744.00
gstate $h
dot 15 0.9878 1.9874 1.0208 2.0207 0.9914 1.9918 1.0011 2.0015 1.0231 2.0231 1.0283 2.0283 1.0023 2.0028 1.0187 2.0183 1.0139 2.0134 0.9800 1.9805 1.0153 2.0147 1.0118 2.0111 0.9660 1.9657 0.9887 1.9880 1.0126 2.0134 1.0354 2.0349 1.0284 2.0277 1.0033 2.0043 0.9954 1.9945 1.0183 2.0173 
dot 15 0.9546 1.9541 1.0230 2.0239 0.9763 1.9772 1.0540 2.0544 0.9404 1.9404 1.0544 2.0549 0.9601 1.9611 1.0608 2.0603 1.0257 2.0269 1.0665 2.0664 0.9910 1.9896 1.0681 2.0683 1.0079 2.0093 1.0263 2.0249 1.0114 2.0099 1.0023 2.0007 1.0402 2.0416 1.0107 2.0123 0.9956 1.9939 1.0352 2.0368 
dot 15 1.0730 2.0740 1.0215 2.0197 1.0335 2.0352 0.9947 1.9965 1.0104 2.0123 0.9994 2.0013 0.9064 1.9073 0.9752 1.9731 1.0075 2.0054 1.0058 2.0080 0.9820 1.9798 0.9013 1.9025 1.0152 2.0128 1.0540 2.0518 1.0494 2.0471 0.9861 1.9836 1.0220 2.0194 0.8640 1.8647 0.9896 1.9924 0.9634 1.9606 
dot 15 0.9100 1.9078 0.9269 1.9295 0.9859 1.9830 0.9392 1.9419 1.0316 2.0345 1.0611 2.0583 0.9115 1.9140 0.9772 1.9742 1.0154 2.0186 0.9540 1.9508 
clear
gstate $g
translate 0 90
scale 0.03
text 15 0 0 {META RECORDED DIRECTIONAL }
text 15 0 -100 TARGET=-1
text 15 0 -200 BEST=0.0005751
text 15 0 -300 GENERATION=34
text 15 0 -500 PARENTS=-9266128936674546510708803659540666989570440318463045266854634092789923316019634195319186364987354661410697604753167801167177259691798259274535313963828899395054512892298208739898816592182784001477532694415068917387837429455519744.00
gstate $h
dot 15 1.0050 2.0048 1.0164 2.0164 1.0195 2.0195 0.9912 1.9908 0.9878 1.9874 1.0209 2.0209 1.0208 2.0207 0.9914 1.9918 1.0011 2.0015 0.9944 1.9948 1.0231 2.0231 0.9881 1.9877 1.0283 2.0283 1.0023 2.0028 1.0187 2.0183 1.0139 2.0134 1.0066 2.0072 1.0154 2.0160 0.9800 1.9805 1.0271 2.0267 
dot 15 0.9863 1.9869 0.9784 1.9789 1.0153 2.0147 1.0118 2.0111 0.9841 1.9848 0.9877 1.9870 0.9830 1.9823 0.9944 1.9937 0.9640 1.9639 0.9660 1.9657 1.0149 2.0156 0.9745 1.9739 1.0321 2.0317 0.9725 1.9719 0.9887 1.9880 1.0126 2.0134 1.0146 2.0154 1.0354 2.0349 1.0284 2.0277 1.0174 2.0182 
dot 15 1.0167 2.0176 1.0149 2.0140 1.0033 2.0043 0.9954 1.9945 1.0229 2.0238 0.9785 1.9794 1.0183 2.0173 1.0206 2.0216 1.0159 2.0169 1.0062 2.0073 1.0204 2.0215 0.9931 1.9942 1.0250 2.0261 0.9658 1.9669 0.9755 1.9767 1.0074 2.0060 0.9326 1.9324 1.0208 2.0221 0.9602 1.9613 0.9729 1.9716 
dot 15 1.0001 1.9987 1.0159 2.0172 1.0148 2.0162 1.0305 2.0318 1.0100 2.0085 1.0090 2.0075 1.0110 2.0127 0.9692 1.9676 1.0160 2.0177 1.0019 2.0002 
gstate $g
