notice "Gaussian valley, fixed annealing"
set g [gstate]
scale 2.500 2.500
translate 20.000 20.000
set h [gstate]
clear
gstate $g
translate 0 90
scale 0.03
text 15 0 0 {COOLED M=5.6569 DECAY=0.800}
text 15 0 -100 TARGET=-1
text 15 0 -200 BEST=1229
text 15 0 -300 GENERATION=0
text 15 0 -500 PARENTS=-9266128936674546510708803659540666989570440318463045266854634092789923316019634195319186364987354661410697604753167801167177259691798259274535313963828899395054512892298208739898816592182784001477532694415068917387837429455519744.00
gstate $h
dot 15 -13.9343 -12.7478 -15.3613 -14.0932 3.8901 4.4462 14.2865 15.6450 -6.4790 -5.0067 18.0485 19.4609 -8.9900 -7.4374 14.8552 16.5275 -0.8932 -0.6307 -6.9213 -5.0170 -10.7203 -8.7121 -1.8557 -2.1180 -0.3309 1.9626 10.6638 10.3328 15.0496 14.7153 8.6522 11.0220 -14.2574 -14.7537 -5.9971 -3.3907 -14.2367 -14.9948 0.8657 -0.0608 
dot 15 7.1432 10.3029 3.6959 6.8722 -10.6161 -7.3774 -3.7970 -5.2550 2.8649 6.4059 -1.4453 -3.0872 -1.4306 2.2908 -3.8370 -0.0483 -9.0871 -10.8920 8.5845 12.3958 4.0404 2.0866 14.5492 18.6432 3.8044 1.6444 -7.2418 -3.0391 -1.4409 -3.7542 11.1040 15.5119 15.4658 13.0581 -14.4647 -10.0211 -13.8717 -9.0772 14.2316 11.3827 
dot 15 5.8379 11.0795 10.7246 15.9712 -4.8608 0.3926 -15.8823 -19.2831 19.8264 16.3064 12.5751 8.9813 -12.5822 -16.1700 -19.6449 -13.9591 -11.7487 -6.0122 9.5158 5.6650 -9.8557 -3.9855 14.3024 10.2528 9.7859 15.9409 12.2360 18.4369 2.8165 -1.3973 -11.0960 -15.3130 17.4314 13.1424 7.0543 2.5329 -11.4130 -16.2878 15.4739 10.3208 
dot 15 7.9648 15.1795 -5.2561 2.0364 -0.8458 6.4947 14.9084 9.4603 -12.1951 -4.7413 6.7026 14.2796 -15.6373 -7.8708 16.0075 10.2018 7.1241 14.9416 -2.1956 5.6672 
clear
gstate $g
translate 0 90
scale 0.03
text 15 0 0 {COOLED M=4.5255 DECAY=0.800}
text 15 0 -100 TARGET=-1
text 15 0 -200 BEST=245.6
text 15 0 -300 GENERATION=1
text 15 0 -500 PARENTS=-9266128936674546510708803659540666989570440318463045266854634092789923316019634195319186364987354661410697604753167801167177259691798259274535313963828899395054512892298208739898816592182784001477532694415068917387837429455519744.00
gstate $h
dot 15 -2.1320 -0.9877 -6.9387 -6.0376 -5.6827 -4.4996 -9.0881 -8.1953 -13.9343 -12.7478 15.5292 16.3084 -15.3613 -14.0932 3.8901 4.4462 14.2865 15.6450 -6.7682 -5.3367 -6.4790 -5.0067 18.0485 19.4609 -4.5829 -3.0343 -1.6769 -1.2542 -8.9900 -7.4374 15.8354 16.2318 14.8552 16.5275 -0.8932 -0.6307 4.2113 4.4689 -14.7856 -14.4858 
dot 15 -8.4486 -8.2107 15.2748 17.0924 -9.0802 -8.9365 21.9116 22.0998 -6.9213 -5.0170 -13.4445 -13.3725 -10.7203 -8.7121 0.0395 -0.0067 19.1086 19.0383 -15.5454 -13.4652 -14.2718 -14.3559 -19.0587 -16.9966 6.0902 8.2902 -13.6326 -11.4048 -1.8557 -2.1180 -8.7465 -9.0116 -0.3309 1.9626 -14.6267 -14.8986 10.6638 10.3328 15.0496 14.7153 
dot 15 8.6522 11.0220 -16.6333 -14.2341 8.5114 8.0614 19.8232 22.2353 -14.2574 -14.7537 -5.9971 -3.3907 13.3380 12.7201 6.7074 9.3529 -13.4623 -10.8293 20.0425 19.4183 -16.0617 -13.3741 -5.5238 -6.2402 6.1260 8.8673 12.6386 11.8991 -13.4115 -10.6596 18.0506 17.2941 -14.2367 -14.9948 -6.8595 -4.0251 10.0097 9.1728 -7.7970 -4.9049 
dot 15 0.8657 -0.0608 17.3615 16.3777 12.8429 11.5662 -6.3362 -3.0344 6.9251 5.5439 -1.8721 1.5115 5.8423 9.2362 11.3549 9.8520 -9.5595 -5.9005 -13.5233 -15.1731 
clear
gstate $g
translate 0 90
scale 0.03
text 15 0 0 {COOLED M=3.6204 DECAY=0.800}
text 15 0 -100 TARGET=-1
text 15 0 -200 BEST=59.34
text 15 0 -300 GENERATION=2
text 15 0 -500 PARENTS=-9266128936674546510708803659540666989570440318463045266854634092789923316019634195319186364987354661410697604753167801167177259691798259274535313963828899395054512892298208739898816592182784001477532694415068917387837429455519744.00
gstate $h
dot 15 -1.2773 -0.3390 -1.7372 -0.6714 -2.1320 -0.9877 -5.7928 -4.6896 -6.5416 -5.4282 -6.9387 -6.0376 -7.1485 -6.2890 -5.6827 -4.4996 -9.0881 -8.1953 -4.4758 -3.7525 -7.0873 -6.3585 -6.9493 -6.2238 -13.9343 -12.7478 15.5292 16.3084 -5.8618 -5.1990 -15.3613 -14.0932 3.8901 4.4462 14.2865 15.6450 -6.7682 -5.3367 2.4138 2.9558 
dot 15 15.5071 16.8691 -5.0723 -4.5443 -6.4790 -5.0067 16.1435 17.5431 16.4070 17.8366 18.0485 19.4609 -7.4333 -6.9584 -4.5829 -3.0343 -9.7795 -8.2491 -11.4671 -10.9842 -1.6769 -1.2542 -8.9900 -7.4374 15.8354 16.2318 -4.8532 -4.5244 11.6282 13.3168 14.8552 16.5275 -0.8932 -0.6307 4.2113 4.4689 -14.7856 -14.4858 0.5395 0.7416 
dot 15 -6.0302 -4.2098 5.6698 5.7055 -15.5984 -13.6712 2.5631 4.5641 -4.9748 -2.9173 18.4814 18.4074 -14.5106 -12.4142 14.9980 17.1454 2.3723 4.5570 4.9694 4.7412 -6.8095 -7.0784 16.7195 19.0348 -2.7194 -3.0920 -9.8897 -7.5231 -2.4348 0.0373 16.9139 19.3554 -11.4664 -8.9884 3.9287 3.4058 -16.9945 -14.4880 -1.2636 -1.8520 
dot 15 14.6883 17.2683 -6.5533 -7.2548 -13.1307 -10.4360 16.4359 15.7271 -6.1086 -6.9041 20.8434 23.5990 -9.8155 -7.0089 -0.4076 2.5400 -17.2038 -18.1263 -5.9341 -6.9192 
clear
gstate $g
translate 0 90
scale 0.03
text 15 0 0 {COOLED M=2.8963 DECAY=0.800}
text 15 0 -100 TARGET=-1
text 15 0 -200 BEST=16.57
text 15 0 -300 GENERATION=3
text 15 0 -500 PARENTS=-9266128936674546510708803659540666989570440318463045266854634092789923316019634195319186364987354661410697604753167801167177259691798259274535313963828899395054512892298208739898816592182784001477532694415068917387837429455519744.00
gstate $h
dot 15 2.9323 3.9447 -1.2773 -0.3390 -1.7372 -0.6714 -2.1320 -0.9877 -5.7928 -4.6896 -1.4236 -0.2543 5.0285 5.8640 -6.5416 -5.4282 -6.9387 -6.0376 -6.3552 -5.2226 -2.6653 -1.4637 -7.1485 -6.2890 -5.6827 -4.4996 12.0611 13.1046 -9.0881 -8.1953 -1.6272 -0.3984 -6.1929 -4.9954 -7.2443 -6.4429 -7.3022 -6.0983 -5.3451 -4.0996 
dot 15 -4.4758 -3.7525 -5.0134 -4.2971 16.5584 17.5892 -7.0873 -6.3585 -6.9493 -6.2238 -5.8982 -5.1851 15.8171 16.9756 -13.9343 -12.7478 15.5292 16.3084 -5.8618 -5.1990 -7.4408 -6.1026 -15.3613 -14.0932 3.8901 4.4462 14.2865 15.6450 -10.7394 -9.3516 -6.7682 -5.3367 2.4138 2.9558 -6.4201 -4.9047 -7.5003 -5.9752 -6.2501 -5.7851 
dot 15 -5.1889 -3.6418 -4.6523 -3.1003 -13.5725 -13.1576 -8.2395 -7.9433 -4.6180 -4.4755 -16.2915 -14.4906 -9.1453 -7.2954 -6.5791 -4.7178 -7.9545 -7.9079 -2.7228 -2.7495 -5.9627 -6.0252 -2.3895 -0.2766 -9.5534 -9.6587 -5.5376 -5.6683 -3.7748 -3.9789 -3.9561 -1.7374 -2.3441 -2.6012 -16.2331 -13.9817 -10.0319 -7.7460 -5.9689 -3.6656 
dot 15 -9.1955 -6.8795 -5.8016 -3.4444 -1.8879 0.4973 -9.2554 -9.6429 17.1109 16.7351 -13.6854 -14.1267 -4.8414 -5.3203 -6.5026 -3.9797 -5.9973 -3.4730 -7.7361 -8.2573 
clear
gstate $g
translate 0 90
scale 0.03
text 15 0 0 {COOLED M=2.3170 DECAY=0.800}
text 15 0 -100 TARGET=-1
text 15 0 -200 BEST=16.57
text 15 0 -300 GENERATION=4
text 15 0 -500 PARENTS=-9266128936674546510708803659540666989570440318463045266854634092789923316019634195319186364987354661410697604753167801167177259691798259274535313963828899395054512892298208739898816592182784001477532694415068917387837429455519744.00
gstate $h
dot 15 2.9323 3.9447 -1.2773 -0.3390 -2.9657 -1.9557 -1.7372 -0.6714 6.5029 7.5148 -2.6228 -1.5092 6.2396 7.3444 -2.1320 -0.9877 -6.1955 -5.2567 -5.7928 -4.6896 -1.4236 -0.2543 -7.3400 -6.3989 5.0285 5.8640 -7.5196 -6.4511 -6.5416 -5.4282 -6.9387 -6.0376 -6.3552 -5.2226 -9.3050 -8.2567 10.7909 11.7067 -2.6653 -1.4637 
dot 15 0.4277 1.2132 -7.1485 -6.2890 -4.7082 -3.8912 -5.6827 -4.4996 12.0611 13.1046 -9.0881 -8.1953 -1.6272 -0.3984 -6.1929 -4.9954 -7.2443 -6.4429 -7.3022 -6.0983 -5.3451 -4.0996 -4.5828 -3.2943 -8.6647 -7.9332 3.9684 4.6213 -11.8125 -11.0821 -10.6613 -9.9645 -3.0547 -1.6657 -6.3817 -5.7523 -5.3970 -4.7942 -8.0179 -7.4234 
dot 15 -5.7741 -4.2888 0.5500 1.0440 -2.7468 -1.1644 -2.4272 -0.7779 -0.1657 0.1680 -6.7690 -5.1096 7.0920 7.4217 0.5020 2.2119 -5.8503 -5.5726 -6.7302 -6.4568 -4.1048 -2.3393 -7.4197 -7.1772 -2.8795 -2.6575 3.7207 3.9179 -3.0073 -1.2044 -9.3420 -9.1483 -9.5891 -7.7698 -4.0156 -3.8643 -4.1931 -2.3327 5.4430 7.3248 
dot 15 -6.0389 -4.1382 -4.9033 -4.8092 -7.8883 -5.9607 -1.5214 -1.4961 -6.0340 -6.0106 -10.6889 -8.7204 -5.6541 -3.6656 -7.3048 -7.2892 -4.3101 -4.3494 -7.1831 -7.2198 
clear
gstate $g
translate 0 90
scale 0.03
text 15 0 0 {COOLED M=1.8536 DECAY=0.800}
text 15 0 -100 TARGET=-1
text 15 0 -200 BEST=16.57
text 15 0 -300 GENERATION=5
text 15 0 -500 PARENTS=-9266128936674546510708803659540666989570440318463045266854634092789923316019634195319186364987354661410697604753167801167177259691798259274535313963828899395054512892298208739898816592182784001477532694415068917387837429455519744.00
gstate $h
dot 15 2.9323 3.9447 -1.3492 -0.2945 -1.2562 -0.3139 -1.2773 -0.3390 -2.9657 -1.9557 -1.4021 -0.3362 5.2196 6.2306 -1.7372 -0.6714 6.5029 7.5148 -1.6953 -0.7984 -2.6228 -1.5092 -2.1713 -1.0489 6.2396 7.3444 -2.1320 -0.9877 -6.1955 -5.2567 2.7066 3.8655 -5.7928 -4.6896 -1.4236 -0.2543 -7.3400 -6.3989 5.0285 5.8640 
dot 15 -7.5196 -6.4511 -2.4067 -1.2357 -6.5416 -5.4282 -6.9387 -6.0376 -0.6187 0.5668 -6.3552 -5.2226 -9.3050 -8.2567 10.7909 11.7067 -2.6653 -1.4637 -4.4372 -3.6251 -7.8215 -6.9501 -4.3385 -3.1301 -7.3244 -6.1526 -2.0647 -0.8340 -7.6589 -6.8411 -6.1037 -5.3362 -6.0524 -5.3042 -6.2209 -5.4775 -5.0561 -3.7760 4.4214 5.8006 
dot 15 -5.8530 -5.2300 -5.4219 -3.9302 10.1105 10.6351 -10.5377 -9.0767 11.1997 12.6691 -7.9339 -7.4251 3.1473 4.6842 10.7591 11.1437 -3.3295 -1.6416 -3.3183 -1.6258 6.4537 8.1514 11.6878 13.4222 -1.0259 0.7535 6.8978 8.7070 2.0131 2.1931 12.3647 14.1961 -8.5587 -8.4061 -2.9260 -1.0477 -8.1890 -6.2853 -7.7134 -7.6635 
dot 15 -5.3098 -5.2761 6.2835 8.2880 5.8902 5.8569 -4.0293 -4.0745 -4.2553 -2.2061 6.9702 9.0374 -7.0159 -4.8936 -0.3462 -0.5149 9.2822 9.1141 3.5255 3.3474 
clear
gstate $g
translate 0 90
scale 0.03
text 15 0 0 {COOLED M=1.4829 DECAY=0.800}
text 15 0 -100 TARGET=-1
text 15 0 -200 BEST=16.57
text 15 0 -300 GENERATION=6
text 15 0 -500 PARENTS=-9266128936674546510708803659540666989570440318463045266854634092789923316019634195319186364987354661410697604753167801167177259691798259274535313963828899395054512892298208739898816592182784001477532694415068917387837429455519744.00
gstate $h
dot 15 2.9323 3.9447 -1.7027 -0.7064 -1.3492 -0.2945 -1.2562 -0.3139 -1.2773 -0.3390 -2.9657 -1.9557 -1.4021 -0.3362 5.2196 6.2306 -1.7372 -0.6714 -2.7960 -1.7406 6.5029 7.5148 -2.3752 -1.2807 -1.6953 -0.7984 1.8911 2.7739 -1.3724 -0.4839 -2.6228 -1.5092 -2.1713 -1.0489 6.2396 7.3444 -3.6687 -2.7859 -2.1320 -0.9877 
dot 15 -6.1955 -5.2567 -1.7006 -0.5499 2.7066 3.8655 -5.7928 -4.6896 -1.4236 -0.2543 -7.3400 -6.3989 6.3100 7.4538 5.0285 5.8640 -5.6750 -4.8103 -2.3896 -1.5828 5.5502 6.3643 0.0967 1.3198 7.6939 8.8804 -1.2536 -0.5087 2.3322 3.6022 -1.0973 0.1991 -2.2474 -0.9372 -1.3423 -0.0282 5.3339 6.6703 -4.0352 -2.6962 
dot 15 -5.7031 -5.0283 -6.2668 -5.5874 -0.2535 0.3806 3.7442 5.1098 -0.6952 -0.0827 4.3046 5.7002 5.9297 6.5295 5.1114 5.7048 -4.5468 -3.9476 -0.7094 0.7300 5.1940 6.6431 0.7715 2.2829 -1.7225 -1.2336 5.6262 6.1112 -1.1235 -0.6504 -2.7912 -1.2622 -0.2859 1.2611 -3.5092 -3.0522 -2.7034 -1.1528 -0.8263 0.7712 
dot 15 -3.6758 -3.2715 5.7280 6.1298 -1.8383 -1.4735 0.5596 2.2234 3.5016 5.1693 3.3846 3.6984 4.1992 4.5049 -2.1925 -0.4175 -1.5417 -1.3426 -7.6607 -7.4605 
clear
gstate $g
translate 0 90
scale 0.03
text 15 0 0 {COOLED M=1.1863 DECAY=0.800}
text 15 0 -100 TARGET=-1
text 15 0 -200 BEST=16.57
text 15 0 -300 GENERATION=7
text 15 0 -500 PARENTS=-9266128936674546510708803659540666989570440318463045266854634092789923316019634195319186364987354661410697604753167801167177259691798259274535313963828899395054512892298208739898816592182784001477532694415068917387837429455519744.00
gstate $h
dot 15 2.9323 3.9447 -0.3770 0.5813 -1.7027 -0.7064 -1.3492 -0.2945 -1.2562 -0.3139 -1.2773 -0.3390 -2.9657 -1.9557 -1.4021 -0.3362 5.2196 6.2306 -1.7372 -0.6714 -2.7960 -1.7406 -1.8656 -0.9546 3.5349 4.4364 6.5029 7.5148 -1.3853 -0.2818 -2.3752 -1.2807 -2.9916 -1.9058 -1.6953 -0.7984 1.8911 2.7739 -1.3724 -0.4839 
dot 15 -4.4926 -3.5607 -2.6228 -1.5092 -2.1713 -1.0489 -2.4181 -1.5415 2.5179 3.3753 -1.9543 -1.0885 -4.7337 -3.8264 6.2396 7.3444 -3.6687 -2.7859 -2.1320 -0.9877 -1.2759 -0.1135 -2.5995 -1.4346 6.7441 7.6028 -1.5700 -0.7597 -1.3238 -0.5210 -2.8405 -2.0464 -1.4902 -0.2715 7.1325 8.3342 0.3798 1.6605 -2.7213 -1.9916 
dot 15 -2.3506 -1.0747 0.0106 1.3145 -2.1350 -0.8255 -2.4413 -1.1310 3.4625 4.1484 -1.9948 -0.6723 -1.4219 -0.0924 4.7747 5.4233 -3.5617 -2.2091 -2.8001 -1.4228 -2.0084 -1.3902 -0.4289 0.1840 -2.0096 -1.4080 -0.6318 0.7761 -1.5908 -1.0014 -0.9093 -0.3223 5.7260 7.1552 -1.4130 0.0659 -1.5202 -0.0221 -2.3133 -0.8085 
dot 15 -1.5144 -1.0269 -3.6081 -2.0728 -4.2205 -2.6845 -0.6643 -0.2188 6.1602 7.7066 6.1692 7.7236 2.0979 3.6710 5.6720 7.2604 -3.0812 -1.4845 -3.6027 -2.0005 
clear
gstate $g
translate 0 90
scale 0.03
text 15 0 0 {COOLED M=0.9491 DECAY=0.800}
text 15 0 -100 TARGET=-1
text 15 0 -200 BEST=10.34
text 15 0 -300 GENERATION=8
text 15 0 -500 PARENTS=-9266128936674546510708803659540666989570440318463045266854634092789923316019634195319186364987354661410697604753167801167177259691798259274535313963828899395054512892298208739898816592182784001477532694415068917387837429455519744.00
gstate $h
dot 15 2.3548 3.3372 2.9323 3.9447 -0.3770 0.5813 -1.7027 -0.7064 -2.5824 -1.5777 -1.3492 -0.2945 -2.5075 -1.4883 -1.2562 -0.3139 -1.2773 -0.3390 3.1755 4.2400 -2.9657 -1.9557 -1.4021 -0.3362 5.2196 6.2306 -1.7372 -0.6714 -1.7583 -0.6861 -3.2038 -2.2400 -2.7960 -1.7406 -3.6901 -2.6693 5.1269 6.1816 -2.4524 -1.3713 
dot 15 -1.8656 -0.9546 -2.4265 -1.3422 3.5349 4.4364 6.5029 7.5148 -2.1585 -1.0639 -1.3853 -0.2818 -2.3752 -1.2807 -2.9916 -1.9058 -1.6953 -0.7984 -1.4167 -0.5226 1.8911 2.7739 -1.3724 -0.4839 -1.4076 -0.5258 5.9053 6.9976 -2.3952 -1.2703 5.6331 6.5224 -1.4576 -0.5978 -1.3394 -0.4940 -0.6560 0.5040 -2.2312 -1.3882 
dot 15 -0.3378 0.4913 -3.1551 -2.3143 -2.6970 -1.5243 -2.0911 -1.2749 -0.9930 0.1989 6.1299 7.3292 3.7689 4.5468 -1.6922 -0.4572 -1.0057 0.2419 1.1215 2.4133 6.3885 7.1141 2.9955 4.3030 2.7585 4.0828 -1.3726 -0.0403 -1.4268 -0.7636 -2.6903 -2.0241 -2.2788 -1.6173 0.4426 1.0723 5.5253 6.1623 -1.4021 -0.7888 
dot 15 7.4620 8.0919 -1.2198 -0.6092 -2.7671 -1.3627 4.5564 5.1126 -3.4001 -1.9578 -1.7218 -0.2743 -1.0485 -0.4976 -2.3641 -1.8357 -2.2594 -1.7444 -1.8457 -0.3576 
clear
gstate $g
translate 0 90
scale 0.03
text 15 0 0 {COOLED M=0.7593 DECAY=0.800}
text 15 0 -100 TARGET=-1
text 15 0 -200 BEST=10.34
text 15 0 -300 GENERATION=9
text 15 0 -500 PARENTS=-9266128936674546510708803659540666989570440318463045266854634092789923316019634195319186364987354661410697604753167801167177259691798259274535313963828899395054512892298208739898816592182784001477532694415068917387837429455519744.00
gstate $h
dot 15 2.3548 3.3372 2.9323 3.9447 -0.3770 0.5813 -1.7027 -0.7064 -1.6008 -0.5650 -2.5668 -1.5659 -2.5824 -1.5777 -1.3492 -0.2945 -2.5075 -1.4883 -1.2562 -0.3139 -1.2773 -0.3390 3.2821 4.2190 3.1755 4.2400 -2.9657 -1.9557 -1.4021 -0.3362 -2.3225 -1.3712 -3.1179 -2.1032 -2.0292 -1.0863 5.2196 6.2306 -1.7372 -0.6714 
dot 15 -1.9523 -0.8885 3.6048 4.6746 4.8456 5.8023 -1.7583 -0.6861 -3.2038 -2.2400 -2.7960 -1.7406 -3.6901 -2.6693 5.1269 6.1816 -3.5841 -2.6248 -2.4524 -1.3713 -1.5666 -0.4648 1.2500 2.3638 3.2130 4.3235 -2.9023 -1.9958 -1.6322 -0.5188 2.2074 3.0846 -1.0835 -0.2221 1.9283 2.7805 4.4607 5.6023 -1.3591 -0.2056 
dot 15 -1.8811 -1.0428 -1.2284 -0.4005 -3.5893 -2.7472 -1.8385 -1.0224 3.1792 3.9903 -1.5206 -0.3144 -3.8865 -3.0740 -1.1468 0.0627 -2.9534 -2.1522 -3.7664 -2.9599 5.3830 6.5873 -3.6616 -2.8726 -1.8434 -0.5848 -1.5345 -0.7985 2.6226 3.8916 -2.4354 -1.1704 3.3595 4.0839 -2.3381 -1.6253 -2.2706 -0.9816 -1.9758 -0.6723 
dot 15 0.1188 0.8096 -3.1018 -1.7944 -2.0863 -1.3974 -2.5477 -1.2361 3.1055 3.7882 -2.8510 -2.1708 -0.9764 -0.3055 5.1862 6.5075 -1.6717 -1.0064 -2.6868 -2.0273 
clear
gstate $g
translate 0 90
scale 0.03
text 15 0 0 {COOLED M=0.6074 DECAY=0.800}
text 15 0 -100 TARGET=-1
text 15 0 -200 BEST=10.34
text 15 0 -300 GENERATION=10
text 15 0 -500 PARENTS=-9266128936674546510708803659540666989570440318463045266854634092789923316019634195319186364987354661410697604753167801167177259691798259274535313963828899395054512892298208739898816592182784001477532694415068917387837429455519744.00
gstate $h
dot 15 2.3548 3.3372 -0.7253 0.2879 2.9323 3.9447 -1.0163 -0.0348 -0.3770 0.5813 3.4695 4.4580 -1.2768 -0.2517 -1.7027 -0.7064 -1.6008 -0.5650 -1.3839 -0.4267 -2.2986 -1.2817 -2.3600 -1.3774 -2.5668 -1.5659 -2.5824 -1.5777 -1.3492 -0.2945 -2.5075 -1.4883 -1.2562 -0.3139 -2.7861 -1.7881 -1.2773 -0.3390 3.2821 4.2190 
dot 15 3.1755 4.2400 -1.8805 -0.9334 -2.9657 -1.9557 -1.4021 -0.3362 -2.6041 -1.6435 -2.3225 -1.3712 -3.1179 -2.1032 -2.0292 -1.0863 5.2196 6.2306 -1.7372 -0.6714 4.2761 5.2037 -1.2331 -0.1427 -1.8417 -0.7582 -1.0525 0.0414 -1.5572 -0.6561 -0.2247 0.8853 2.7239 3.6157 -2.0767 -1.1755 5.5388 6.4631 -2.9070 -1.8065 
dot 15 -1.1836 -0.0407 -2.9198 -2.0467 -0.9232 0.2232 5.4045 6.2748 3.5555 4.7137 -0.8459 0.3227 -2.4556 -1.2874 2.7870 3.6080 -1.2297 -0.0440 3.9883 4.8002 -1.0210 0.1749 -2.2789 -1.0880 -2.0043 -0.8023 2.9910 4.1988 3.2138 4.0056 -1.5834 -0.3665 1.5266 2.7511 -1.8889 -1.1133 3.3185 4.5459 -2.8246 -1.5986 
dot 15 -3.7775 -2.5585 -3.3988 -2.1599 -2.1411 -0.8944 3.4114 4.6643 -0.9110 -0.1659 -2.4195 -1.1692 -2.0962 -1.3505 5.5343 6.7809 -1.9611 -0.6991 -1.7023 -0.4050 
clear
gstate $g
translate 0 90
scale 0.03
text 15 0 0 {COOLED M=0.4859 DECAY=0.800}
text 15 0 -100 TARGET=-1
text 15 0 -200 BEST=10.34
text 15 0 -300 GENERATION=11
text 15 0 -500 PARENTS=-9266128936674546510708803659540666989570440318463045266854634092789923316019634195319186364987354661410697604753167801167177259691798259274535313963828899395054512892298208739898816592182784001477532694415068917387837429455519744.00
gstate $h
dot 15 2.3548 3.3372 -0.2071 0.8158 -0.7253 0.2879 -0.8967 0.1140 2.9323 3.9447 2.7888 3.7621 -1.0163 -0.0348 -1.2196 -0.2132 -1.2249 -0.2148 -1.2604 -0.2533 -0.1268 0.8311 -0.3770 0.5813 3.4695 4.4580 -1.2768 -0.2517 -1.7027 -0.7064 -1.6008 -0.5650 -1.5568 -0.5179 -1.3839 -0.4267 -2.3665 -1.3634 3.4284 4.3810 
dot 15 -2.2986 -1.2817 -2.3600 -1.3774 -2.0888 -1.0543 -2.5668 -1.5659 -2.5786 -1.5773 -2.5824 -1.5777 -1.3492 -0.2945 -2.5075 -1.4883 -1.2562 -0.3139 -2.6722 -1.6562 -2.7861 -1.7881 -1.2773 -0.3390 3.2821 4.2190 -1.6701 -0.6060 -0.8664 0.2116 -2.8006 -1.7467 -2.6132 -1.5494 -1.3064 -0.2204 -1.0677 0.0242 -0.9981 -0.0948 
dot 15 2.8160 3.7138 -2.1672 -1.0789 -2.7750 -1.8580 -2.6633 -1.7490 -2.3161 -1.2230 -0.2559 0.6279 3.1370 4.0238 -1.0059 0.1101 3.2798 4.1610 3.0727 4.2028 -2.7083 -1.8236 -2.5365 -1.6666 -2.4768 -1.6222 2.7505 3.5880 -2.1875 -1.3424 -2.6007 -1.7671 -1.1127 -0.2923 -1.6533 -0.8321 -0.0409 1.1490 -1.3153 -0.5012 
dot 15 3.4612 4.2720 -1.3068 -0.1141 -3.3166 -2.4997 -2.2208 -1.0271 -0.8607 0.3559 -2.1678 -0.9540 -2.4358 -1.2201 -2.4681 -1.6903 -2.4231 -1.1951 -0.6602 0.5774 
clear
gstate $g
translate 0 90
scale 0.03
text 15 0 0 {COOLED M=0.3887 DECAY=0.800}
text 15 0 -100 TARGET=-1
text 15 0 -200 BEST=10.34
text 15 0 -300 GENERATION=12
text 15 0 -500 PARENTS=-9266128936674546510708803659540666989570440318463045266854634092789923316019634195319186364987354661410697604753167801167177259691798259274535313963828899395054512892298208739898816592182784001477532694415068917387837429455519744.00
gstate $h
dot 15 2.3548 3.3372 -0.2071 0.8158 -0.4150 0.6053 -0.7253 0.2879 -0.8434 0.1464 -0.8967 0.1140 2.9323 3.9447 2.8390 3.8561 -0.3530 0.6139 2.7888 3.7621 -1.0163 -0.0348 -1.2196 -0.2132 -1.2249 -0.2148 -1.2604 -0.2533 -0.1268 0.8311 -0.4709 0.4902 -1.3418 -0.3560 -1.4214 -0.4115 -0.3770 0.5813 -0.9544 0.0779 
dot 15 3.4695 4.4580 -0.0678 0.8856 -1.2768 -0.2517 -1.7027 -0.7064 3.7435 4.7496 -1.4551 -0.4805 -1.0435 -0.0043 -1.2289 -0.1909 -1.0338 -0.0754 -1.2623 -0.2989 3.8996 4.9080 -2.0370 -1.0498 -1.6008 -0.5650 -1.5568 -0.5179 -1.3839 -0.4267 3.0508 4.0003 -2.3665 -1.3634 3.4284 4.3810 -1.5593 -0.5102 -1.0607 0.0002 
dot 15 -0.8619 0.0731 -1.1647 -0.0981 -2.9625 -1.9943 3.4253 4.4999 -1.6527 -0.7255 -1.2222 -0.1320 -0.9608 -0.0544 -1.6130 -0.5239 -0.7861 0.3159 -0.8196 0.0788 3.6366 4.5353 -0.6498 0.2394 2.2434 3.1232 2.7959 3.9129 -0.2715 0.8558 -1.4688 -0.3479 2.9838 4.1085 -0.8307 0.0353 -0.3809 0.4812 2.1718 3.0295 
dot 15 -1.5755 -0.4389 -1.0091 0.1384 -1.7836 -0.9288 -1.7479 -0.8968 3.5641 4.7372 3.5158 4.3403 -1.1722 0.0062 -1.7964 -0.6202 -1.1577 0.0224 -0.2983 0.8970 
clear
gstate $g
translate 0 90
scale 0.03
text 15 0 0 {COOLED M=0.3110 DECAY=0.800}
text 15 0 -100 TARGET=-1
text 15 0 -200 BEST=9.564
text 15 0 -300 GENERATION=13
text 15 0 -500 PARENTS=-9266128936674546510708803659540666989570440318463045266854634092789923316019634195319186364987354661410697604753167801167177259691798259274535313963828899395054512892298208739898816592182784001477532694415068917387837429455519744.00
gstate $h
dot 15 -0.3602 0.6253 0.0796 1.1048 2.3548 3.3372 -0.2071 0.8158 -0.4150 0.6053 -0.6201 0.3662 -0.7253 0.2879 -0.5084 0.5134 -0.8434 0.1464 -0.3196 0.6524 -0.8967 0.1140 -0.9539 0.0529 2.9050 3.8916 2.9323 3.9447 2.8390 3.8561 2.4992 3.4700 3.0109 3.9987 2.9611 3.9760 -0.3530 0.6139 -0.9279 0.0522 
dot 15 2.7888 3.7621 -1.0163 -0.0348 -1.2196 -0.2132 -1.2249 -0.2148 -1.2604 -0.2533 2.5610 3.5942 -0.8358 0.1364 -1.0405 -0.0157 -0.1268 0.8311 2.6343 3.6697 -1.3230 -0.3085 -0.4709 0.4902 -1.3418 -0.3560 -1.4214 -0.4115 -0.3770 0.5813 -0.9544 0.0779 -0.5769 0.3837 -0.4980 0.5436 0.1127 1.1614 -1.0952 -0.1265 
dot 15 2.8514 3.8899 -1.4084 -0.3832 -0.9229 0.1175 -0.2703 0.6742 -1.2771 -0.3201 -1.3476 -0.3911 -0.9638 0.0890 -1.3923 -0.4459 -1.3151 -0.2467 -0.7833 0.1393 -1.9139 -0.8485 2.6888 3.7751 -0.8016 0.1098 -0.8854 0.0252 -0.8013 0.1077 2.9552 4.0486 -0.2062 0.6939 -0.6017 0.4974 -0.1470 0.9553 0.0507 1.1557 
dot 15 -0.3191 0.5758 -0.5425 0.3522 -0.5284 0.5790 -0.5794 0.5384 -0.7417 0.1419 -0.1772 0.6994 2.4828 3.6081 -1.2122 -0.3357 -0.2736 0.5874 -1.3758 -0.5132 
clear
gstate $g
translate 0 90
scale 0.03
text 15 0 0 {COOLED M=0.2488 DECAY=0.800}
text 15 0 -100 TARGET=-1
text 15 0 -200 BEST=7.427
text 15 0 -300 GENERATION=14
text 15 0 -500 PARENTS=-9266128936674546510708803659540666989570440318463045266854634092789923316019634195319186364987354661410697604753167801167177259691798259274535313963828899395054512892298208739898816592182784001477532694415068917387837429455519744.00
gstate $h
dot 15 -0.0793 0.9376 -0.3573 0.6459 -0.4642 0.5379 2.4564 3.4483 -0.3602 0.6253 0.0796 1.1048 2.3548 3.3372 2.1815 3.2045 -0.2071 0.8158 -0.4150 0.6053 -0.5325 0.4845 -0.6201 0.3662 -0.7330 0.2752 2.4152 3.4381 -0.2068 0.8210 -0.7253 0.2879 -0.5084 0.5134 2.8266 3.8164 -0.8434 0.1464 -0.3196 0.6524 
dot 15 2.9377 3.9334 -0.8967 0.1140 -0.9539 0.0529 2.9050 3.8916 -0.2171 0.7508 2.9323 3.9447 2.8390 3.8561 2.4992 3.4700 3.0109 3.9987 2.9611 3.9760 -0.3530 0.6139 -0.7049 0.2686 -0.9279 0.0522 -0.3522 0.6828 -0.5346 0.4314 -0.3105 0.6503 2.3864 3.4245 0.2280 1.1819 2.2141 3.1686 2.6935 3.7322 
dot 15 -0.4175 0.5360 2.5935 3.5455 3.0190 3.9631 -0.0611 0.8652 2.9561 4.0222 -0.6785 0.3919 -0.9110 0.0182 -0.7796 0.1453 2.5744 3.4957 3.2650 4.1842 -0.2349 0.8547 2.6175 3.5292 -0.2271 0.6805 -0.9915 0.1024 3.0244 4.1173 -0.4739 0.6269 -0.4188 0.6833 0.1206 1.2269 -0.9965 -0.0963 -0.3995 0.4930 
dot 15 -0.8051 0.3022 2.7302 3.6206 -0.4780 0.4104 -0.2751 0.6114 -0.6246 0.2619 2.7937 3.9075 -0.2452 0.6334 -0.4313 0.6953 -0.4821 0.6445 -0.3031 0.8307 
clear
gstate $g
translate 0 90
scale 0.03
text 15 0 0 {COOLED M=0.1990 DECAY=0.800}
text 15 0 -100 TARGET=-1
text 15 0 -200 BEST=4.833
text 15 0 -300 GENERATION=15
text 15 0 -500 PARENTS=-9266128936674546510708803659540666989570440318463045266854634092789923316019634195319186364987354661410697604753167801167177259691798259274535313963828899395054512892298208739898816592182784001477532694415068917387837429455519744.00
gstate $h
dot 15 2.0752 3.0704 2.2135 3.2179 -0.1448 0.8664 -0.0793 0.9376 -0.3573 0.6459 -0.2653 0.7235 -0.2306 0.7838 2.4170 3.4190 -0.1127 0.9059 -0.4642 0.5379 2.4564 3.4483 -0.5201 0.4812 -0.3602 0.6253 0.0796 1.1048 2.3548 3.3372 -0.4336 0.5813 2.1815 3.2045 -0.2071 0.8158 -0.4150 0.6053 -0.5325 0.4845 
dot 15 -0.6201 0.3662 -0.7330 0.2752 2.4295 3.4509 -0.4411 0.5811 2.4152 3.4381 -0.4193 0.5579 -0.2068 0.8210 -0.7411 0.2474 -0.7253 0.2879 -0.5084 0.5134 2.8266 3.8164 -0.1475 0.8834 -0.8434 0.1464 2.8018 3.7879 -0.3196 0.6524 2.4225 3.3950 -0.3022 0.6672 -0.6397 0.3339 2.1754 3.2155 -0.1161 0.8427 
dot 15 -0.5597 0.4052 -1.0642 -0.0403 -0.3811 0.5760 2.2164 3.2643 -0.3358 0.6169 3.0128 4.0511 2.6953 3.6491 -0.1332 0.9221 -0.7647 0.2866 -0.1397 0.8018 -1.1058 -0.0552 -0.0720 0.9901 2.3339 3.2709 -0.6913 0.2491 -0.9538 0.1068 -0.4916 0.4433 -0.0554 0.8761 -0.5685 0.5031 -0.8630 0.2071 2.2165 3.1376 
dot 15 -0.3955 0.5261 -0.4478 0.4718 -0.5683 0.3513 2.7767 3.6913 -0.6642 0.4284 -0.2673 0.6376 -0.6338 0.2729 0.0313 1.1293 -0.9732 -0.0662 -1.0909 0.0054 
clear
gstate $g
translate 0 90
scale 0.03
text 15 0 0 {COOLED M=0.1592 DECAY=0.800}
text 15 0 -100 TARGET=-1
text 15 0 -200 BEST=4.833
text 15 0 -300 GENERATION=16
text 15 0 -500 PARENTS=-9266128936674546510708803659540666989570440318463045266854634092789923316019634195319186364987354661410697604753167801167177259691798259274535313963828899395054512892298208739898816592182784001477532694415068917387837429455519744.00
gstate $h
dot 15 2.0752 3.0704 2.2135 3.2179 -0.1448 0.8664 -0.0411 0.9441 -0.3054 0.6980 -0.0793 0.9376 -0.3573 0.6459 -0.2653 0.7235 2.3242 3.3151 -0.2306 0.7838 2.4170 3.4190 -0.1127 0.9059 -0.3200 0.6924 -0.4642 0.5379 -0.4060 0.6045 2.4564 3.4483 -0.5201 0.4812 -0.3602 0.6253 0.0796 1.1048 -0.3272 0.6563 
dot 15 2.3548 3.3372 -0.4336 0.5813 -0.4847 0.5296 2.1815 3.2045 -0.2071 0.8158 -0.2661 0.7560 -0.3036 0.6749 -0.2432 0.7333 -0.4150 0.6053 -0.5325 0.4845 0.0607 1.0916 2.1877 3.2178 -0.2980 0.7308 -0.0550 0.9781 2.3831 3.4123 0.0653 1.0278 -0.1095 0.8508 -0.3580 0.6806 0.2321 1.1878 -0.3700 0.5883 
dot 15 -0.3831 0.5741 -0.4773 0.4809 -0.0081 0.9433 -0.3849 0.5687 2.5584 3.5133 0.0023 0.9515 -0.0057 1.0454 -0.3176 0.7332 -0.2161 0.7323 -0.3992 0.6519 2.1124 3.1679 2.2936 3.2390 -0.0753 0.8662 -0.4884 0.4552 0.0569 0.9919 2.4268 3.3641 2.3309 3.2665 2.0745 3.1416 -0.3714 0.6947 -0.3906 0.5437 
dot 15 2.7029 3.6394 -0.3691 0.6991 -0.3206 0.7500 -0.2908 0.6383 -0.4020 0.5278 2.1348 3.0620 2.1799 3.2572 2.2782 3.2006 2.1241 3.2022 -0.1751 0.7451 
clear
gstate $g
translate 0 90
scale 0.03
text 15 0 0 {COOLED M=0.1274 DECAY=0.800}
text 15 0 -100 TARGET=-1
text 15 0 -200 BEST=3.186
text 15 0 -300 GENERATION=17
text 15 0 -500 PARENTS=-9266128936674546510708803659540666989570440318463045266854634092789923316019634195319186364987354661410697604753167801167177259691798259274535313963828899395054512892298208739898816592182784001477532694415068917387837429455519744.00
gstate $h
dot 15 0.1152 1.1130 2.0752 3.0704 -0.1250 0.8706 2.1832 3.1898 2.2135 3.2179 -0.1448 0.8664 -0.1243 0.8637 -0.0411 0.9441 -0.3054 0.6980 -0.0793 0.9376 -0.3573 0.6459 -0.2653 0.7235 2.3242 3.3151 -0.3240 0.6669 -0.2306 0.7838 2.4170 3.4190 -0.1127 0.9059 -0.3200 0.6924 -0.4642 0.5379 -0.4060 0.6045 
dot 15 2.4564 3.4483 -0.0989 0.8804 -0.5201 0.4812 -0.0651 0.9572 -0.3602 0.6253 -0.4386 0.5731 0.0796 1.1048 -0.2972 0.7203 -0.3272 0.6563 0.1234 1.0968 -0.1260 0.8503 -0.1304 0.8939 2.6102 3.6183 -0.2512 0.7753 2.0655 3.0335 -0.3498 0.6224 2.4262 3.3984 2.3203 3.3498 -0.3345 0.6339 2.3767 3.4119 
dot 15 -0.4320 0.5324 -0.2068 0.7539 2.1524 3.1105 -0.2314 0.8099 2.2109 3.2528 -0.2319 0.7257 -0.2235 0.7322 -0.3422 0.7095 -0.1831 0.8701 -0.3759 0.5730 -0.2418 0.7056 0.0398 0.9839 -0.3299 0.7257 2.4303 3.4847 -0.1044 0.8377 0.0006 0.9395 0.2583 1.1947 2.3655 3.4266 -0.3878 0.5509 -0.3471 0.5901 
dot 15 -0.4252 0.5111 2.0150 3.0824 -0.3174 0.6170 -0.0075 0.9229 0.0140 0.9416 -0.3661 0.5640 -0.3447 0.7267 -0.3728 0.6988 -0.3687 0.5592 -0.4086 0.5193 
clear
gstate $g
translate 0 90
scale 0.03
text 15 0 0 {COOLED M=0.1019 DECAY=0.800}
text 15 0 -100 TARGET=-1
text 15 0 -200 BEST=3.186
text 15 0 -300 GENERATION=18
text 15 0 -500 PARENTS=-9266128936674546510708803659540666989570440318463045266854634092789923316019634195319186364987354661410697604753167801167177259691798259274535313963828899395054512892298208739898816592182784001477532694415068917387837429455519744.00
gstate $h
dot 15 0.1152 1.1130 2.0752 3.0704 -0.0081 0.9811 -0.1250 0.8706 2.1981 3.2028 2.1595 3.1511 2.1832 3.1898 2.2135 3.2179 -0.2382 0.7642 -0.1188 0.8700 -0.1448 0.8664 -0.1243 0.8637 -0.0411 0.9441 0.0537 1.0365 -0.2273 0.7814 -0.3054 0.6980 -0.0793 0.9376 -0.3573 0.6459 -0.1714 0.8142 -0.2653 0.7235 
dot 15 -0.3657 0.6296 2.3242 3.3151 -0.3240 0.6669 -0.1136 0.8694 -0.2306 0.7838 2.4170 3.4190 -0.3234 0.6665 -0.1613 0.8555 2.3880 3.3809 -0.1127 0.9059 -0.3943 0.6138 -0.3200 0.6924 -0.4642 0.5379 2.2756 3.2900 -0.2747 0.7408 -0.1194 0.9006 -0.4060 0.6045 -0.3535 0.6329 2.4949 3.5004 -0.1110 0.9118 
dot 15 2.0961 3.0712 2.2801 3.2580 -0.1795 0.7946 -0.4560 0.5680 -0.1014 0.8679 -0.2006 0.7699 -0.3226 0.6495 2.3724 3.4007 2.1898 3.2215 -0.1749 0.7928 -0.0673 0.8985 -0.1684 0.8650 2.0980 3.0632 -0.1700 0.8654 -0.0850 0.9526 -0.4728 0.5610 -0.0825 0.8782 -0.2641 0.7740 -0.1946 0.7642 -0.1366 0.9067 
dot 15 2.3322 3.2904 -0.5120 0.5285 2.4653 3.4199 -0.1268 0.9231 -0.0843 0.9678 -0.1375 0.8110 -0.2411 0.8104 -0.2430 0.7060 -0.3645 0.5844 -0.5371 0.5132 
clear
gstate $g
translate 0 90
scale 0.03
text 15 0 0 {COOLED M=0.0815 DECAY=0.800}
text 15 0 -100 TARGET=-1
text 15 0 -200 BEST=3.186
text 15 0 -300 GENERATION=19
text 15 0 -500 PARENTS=-9266128936674546510708803659540666989570440318463045266854634092789923316019634195319186364987354661410697604753167801167177259691798259274535313963828899395054512892298208739898816592182784001477532694415068917387837429455519744.00
gstate $h
dot 15 0.1152 1.1130 0.0955 1.1011 0.0305 1.0275 0.0364 1.0431 0.0291 1.0383 2.0752 3.0704 0.0871 1.1005 -0.1231 0.8793 -0.0585 0.9331 -0.0081 0.9811 -0.1250 0.8706 -0.1511 0.8487 2.1617 3.1598 -0.1647 0.8300 -0.1138 0.8774 2.1981 3.2028 2.1595 3.1511 2.1832 3.1898 2.2135 3.2179 -0.2382 0.7642 
dot 15 -0.1188 0.8700 -0.0432 0.9425 -0.1448 0.8664 -0.1190 0.8688 -0.1243 0.8637 -0.0411 0.9441 0.0537 1.0365 -0.2273 0.7814 -0.1683 0.8202 -0.3054 0.6980 2.1464 3.1325 -0.2262 0.7848 -0.2553 0.7547 0.0663 1.0862 -0.0793 0.9376 -0.3573 0.6459 -0.3501 0.6548 -0.1714 0.8142 -0.2113 0.8024 -0.2653 0.7235 
dot 15 -0.0403 0.9391 -0.2907 0.6942 0.1222 1.1489 -0.1736 0.8486 2.0599 3.0343 -0.0696 0.9561 0.0020 0.9752 2.1430 3.1173 -0.0995 0.9297 -0.0091 0.9603 -0.0300 1.0015 -0.2906 0.7376 2.2512 3.2213 -0.0517 0.9153 2.0105 3.0454 -0.1237 0.8415 -0.2706 0.6963 2.2150 3.1791 -0.1749 0.8626 -0.4207 0.6133 
dot 15 -0.1328 0.9057 -0.2346 0.7281 -0.1669 0.7925 -0.0755 0.9685 2.1361 3.0926 2.3287 3.3700 2.2242 3.2675 -0.2282 0.8165 -0.3602 0.5969 -0.1112 0.9357 
clear
gstate $g
translate 0 90
scale 0.03
text 15 0 0 {COOLED M=0.0652 DECAY=0.800}
text 15 0 -100 TARGET=-1
text 15 0 -200 BEST=3.119
text 15 0 -300 GENERATION=20
text 15 0 -500 PARENTS=-9266128936674546510708803659540666989570440318463045266854634092789923316019634195319186364987354661410697604753167801167177259691798259274535313963828899395054512892298208739898816592182784001477532694415068917387837429455519744.00
gstate $h
dot 15 0.1229 1.1252 0.1152 1.1130 0.0882 1.0855 0.0955 1.1011 0.1191 1.1119 0.1348 1.1432 0.0201 1.0213 0.0305 1.0275 0.0364 1.0431 0.0291 1.0383 0.0400 1.0498 0.0449 1.0555 -0.0754 0.9210 2.0752 3.0704 -0.1034 0.8979 0.0714 1.0836 0.0077 1.0176 0.0871 1.1005 -0.1231 0.8793 -0.0585 0.9331 
dot 15 -0.1412 0.8594 -0.0081 0.9811 -0.1305 0.8658 -0.1250 0.8706 -0.1511 0.8487 2.0684 3.0772 2.1617 3.1598 2.1861 3.1849 -0.1647 0.8300 2.1738 3.1785 -0.1138 0.8774 -0.1321 0.8764 2.2137 3.2125 -0.2027 0.8010 2.1981 3.2028 2.1595 3.1511 0.1700 1.1884 2.1832 3.1898 2.2135 3.2179 -0.2382 0.7642 
dot 15 2.2303 3.2252 2.1956 3.1870 2.1766 3.1669 2.1852 3.1952 -0.0500 0.9654 0.0815 1.0626 0.0126 1.0316 -0.3010 0.7075 -0.0920 0.9250 2.1618 3.1461 -0.0051 1.0148 -0.1271 0.8538 -0.1211 0.8990 2.1300 3.1085 0.0290 1.0534 -0.1744 0.8470 0.0861 1.0604 2.1431 3.1199 0.0173 1.0434 2.1869 3.1636 
dot 15 -0.0318 0.9952 2.2078 3.1835 2.1834 3.1565 -0.1241 0.9038 -0.0901 0.8817 -0.0163 0.9543 -0.1202 0.8517 0.1142 1.1459 -0.0748 0.9548 0.0118 1.0447 
clear
gstate $g
translate 0 90
scale 0.03
text 15 0 0 {COOLED M=0.0522 DECAY=0.800}
text 15 0 -100 TARGET=-1
text 15 0 -200 BEST=2.747
text 15 0 -300 GENERATION=21
text 15 0 -500 PARENTS=-9266128936674546510708803659540666989570440318463045266854634092789923316019634195319186364987354661410697604753167801167177259691798259274535313963828899395054512892298208739898816592182784001477532694415068917387837429455519744.00
gstate $h
dot 15 0.1713 1.1717 0.1563 1.1556 0.1480 1.1510 0.1229 1.1252 0.1342 1.1380 0.1152 1.1130 0.1040 1.1022 0.0943 1.0918 0.0882 1.0855 0.0758 1.0725 0.0955 1.1011 0.1191 1.1119 0.1348 1.1432 0.0201 1.0213 0.0305 1.0275 0.0371 1.0426 0.0364 1.0431 0.0731 1.0644 -0.0144 0.9824 0.0968 1.1070 
dot 15 0.0297 1.0217 2.0486 3.0510 0.0291 1.0383 0.0400 1.0498 0.0414 1.0314 0.0449 1.0555 -0.0754 0.9210 -0.0966 0.9047 2.0752 3.0704 -0.0978 0.9049 -0.1034 0.8979 0.0071 1.0170 0.0714 1.0836 0.0077 1.0176 0.0396 1.0508 0.0871 1.1005 -0.1231 0.8793 0.1770 1.1613 -0.0585 0.9331 0.1833 1.1674 
dot 15 0.0270 1.0397 -0.0824 0.9272 0.0649 1.0505 0.0328 1.0472 0.0600 1.0754 0.1141 1.0968 0.1613 1.1804 0.0571 1.0746 2.0878 3.0729 -0.0155 1.0019 0.0139 1.0321 -0.1062 0.8789 0.0498 1.0691 0.0200 1.0015 0.0432 1.0638 0.0513 1.0721 0.0457 1.0236 0.1674 1.1434 -0.0629 0.9157 0.0363 1.0600 
dot 15 0.0697 1.0945 -0.0018 1.0237 0.0857 1.0592 -0.0334 0.9418 0.1574 1.1298 -0.0047 1.0215 0.1440 1.1729 0.0779 1.1069 0.0681 1.0397 0.1294 1.0993 
clear
gstate $g
translate 0 90
scale 0.03
text 15 0 0 {COOLED M=0.0417 DECAY=0.800}
text 15 0 -100 TARGET=-1
text 15 0 -200 BEST=2.747
text 15 0 -300 GENERATION=22
text 15 0 -500 PARENTS=-9266128936674546510708803659540666989570440318463045266854634092789923316019634195319186364987354661410697604753167801167177259691798259274535313963828899395054512892298208739898816592182784001477532694415068917387837429455519744.00
gstate $h
dot 15 0.1713 1.1717 0.1563 1.1556 0.1480 1.1510 0.1343 1.1345 0.1229 1.1252 0.1342 1.1380 0.1447 1.1398 0.1152 1.1130 0.1049 1.1060 0.1176 1.1143 0.1040 1.1022 0.0943 1.0918 0.0949 1.0982 0.1228 1.1287 0.0882 1.0855 0.1161 1.1217 0.1758 1.1674 0.0846 1.0808 0.0758 1.0725 0.0955 1.1011 
dot 15 0.0964 1.1024 0.0974 1.1037 0.1002 1.0941 0.0470 1.0460 0.1191 1.1119 0.1348 1.1432 0.1242 1.1160 0.0201 1.0213 0.0305 1.0275 0.1178 1.1267 0.0982 1.0905 0.0371 1.0426 0.0039 1.0058 0.0071 1.0113 0.0364 1.0431 0.0043 1.0090 0.2094 1.2225 -0.0180 0.9845 0.0731 1.0644 -0.0144 0.9824 
dot 15 0.0968 1.1070 0.0787 1.0891 0.0331 1.0419 0.0151 1.0072 0.1731 1.1593 0.1323 1.1457 0.1382 1.1248 0.0342 1.0240 0.1320 1.1187 0.0519 1.0634 0.1658 1.1514 0.0521 1.0639 0.0533 1.0416 0.0997 1.0859 0.1339 1.1189 0.1061 1.1212 0.0919 1.0772 0.1340 1.1182 0.1030 1.1194 0.0734 1.0572 
dot 15 -0.0203 0.9946 -0.0011 0.9834 0.1448 1.1648 -0.0138 1.0034 0.0496 1.0312 0.1249 1.1453 0.0053 1.0237 0.1364 1.1573 0.1377 1.1169 0.1374 1.1164 
clear
gstate $g
translate 0 90
scale 0.03
text 15 0 0 {COOLED M=0.0334 DECAY=0.800}
text 15 0 -100 TARGET=-1
text 15 0 -200 BEST=2.535
text 15 0 -300 GENERATION=23
text 15 0 -500 PARENTS=-9266128936674546510708803659540666989570440318463045266854634092789923316019634195319186364987354661410697604753167801167177259691798259274535313963828899395054512892298208739898816592182784001477532694415068917387837429455519744.00
gstate $h
dot 15 0.2085 1.2103 0.2106 1.2140 0.1713 1.1717 0.1693 1.1689 0.1563 1.1556 0.1543 1.1560 0.1447 1.1453 0.1480 1.1510 0.1343 1.1345 0.1229 1.1252 0.1342 1.1380 0.1411 1.1458 0.1447 1.1398 0.1152 1.1130 0.1575 1.1518 0.1258 1.1223 0.1049 1.1060 0.1044 1.1034 0.1176 1.1143 0.1040 1.1022 
dot 15 0.1030 1.1004 0.0966 1.0990 0.0936 1.0956 0.1477 1.1546 0.0943 1.0918 0.0949 1.0982 0.1522 1.1595 0.0921 1.0893 0.1115 1.1068 0.1228 1.1287 0.0882 1.0855 0.0987 1.1030 0.1161 1.1217 0.0792 1.0771 0.1758 1.1674 0.1357 1.1290 0.0856 1.0824 0.1408 1.1481 0.0892 1.0852 0.1994 1.2092 
dot 15 0.0846 1.0808 0.0758 1.0725 0.1802 1.1896 0.1628 1.1716 0.1303 1.1231 0.0955 1.1011 0.1417 1.1499 0.0445 1.0450 0.0509 1.0485 0.1215 1.1294 0.1332 1.1251 0.1301 1.1386 0.1297 1.1213 0.1543 1.1640 0.1525 1.1624 0.0491 1.0541 0.1442 1.1347 0.0603 1.0668 0.0860 1.0942 0.1192 1.1090 
dot 15 0.1582 1.1466 0.1934 1.1807 0.0588 1.0674 0.0785 1.0693 0.1374 1.1253 0.1127 1.1245 0.1339 1.1217 0.0813 1.0923 0.1599 1.1466 0.1155 1.1284 
clear
gstate $g
translate 0 90
scale 0.03
text 15 0 0 {COOLED M=0.0267 DECAY=0.800}
text 15 0 -100 TARGET=-1
text 15 0 -200 BEST=2.417
text 15 0 -300 GENERATION=24
text 15 0 -500 PARENTS=-9266128936674546510708803659540666989570440318463045266854634092789923316019634195319186364987354661410697604753167801167177259691798259274535313963828899395054512892298208739898816592182784001477532694415068917387837429455519744.00
gstate $h
dot 15 0.2448 1.2486 0.2085 1.2103 0.2106 1.2140 0.1713 1.1717 0.1693 1.1689 0.1563 1.1556 0.1885 1.1934 0.1539 1.1533 0.1554 1.1540 0.1543 1.1560 0.1447 1.1453 0.1480 1.1510 0.1736 1.1687 0.1343 1.1345 0.1282 1.1271 0.1763 1.1705 0.1255 1.1242 0.1355 1.1390 0.1425 1.1468 0.1229 1.1252 
dot 15 0.1230 1.1254 0.1342 1.1380 0.1319 1.1356 0.1411 1.1458 0.1560 1.1506 0.1218 1.1189 0.1447 1.1398 0.1152 1.1130 0.1452 1.1402 0.1575 1.1518 0.1258 1.1223 0.1463 1.1412 0.1391 1.1441 0.1049 1.1060 0.1368 1.1419 0.1047 1.1037 0.1044 1.1034 0.1124 1.1098 0.1176 1.1143 0.1040 1.1022 
dot 15 0.1281 1.1332 0.1290 1.1346 0.1525 1.1459 0.1237 1.1291 0.1558 1.1489 0.1032 1.1072 0.2387 1.2286 0.1522 1.1451 0.0966 1.1017 0.1540 1.1461 0.2031 1.1929 0.1066 1.1136 0.0985 1.1057 0.1235 1.1321 0.0915 1.0988 0.1440 1.1347 0.1318 1.1225 0.1632 1.1527 0.0869 1.0951 0.1238 1.1335 
dot 15 0.0975 1.0884 0.1231 1.1127 0.1129 1.1238 0.1411 1.1296 0.1872 1.2008 0.2042 1.1905 0.1288 1.1410 0.1357 1.1237 0.1472 1.1606 0.2021 1.1873 
clear
gstate $g
translate 0 90
scale 0.03
text 15 0 0 {COOLED M=0.0214 DECAY=0.800}
text 15 0 -100 TARGET=-1
text 15 0 -200 BEST=2.154
text 15 0 -300 GENERATION=25
text 15 0 -500 PARENTS=-9266128936674546510708803659540666989570440318463045266854634092789923316019634195319186364987354661410697604753167801167177259691798259274535313963828899395054512892298208739898816592182784001477532694415068917387837429455519744.00
gstate $h
dot 15 0.2663 1.2661 0.2448 1.2486 0.2085 1.2103 0.2723 1.2790 0.2204 1.2171 0.2004 1.2005 0.2106 1.2140 0.2386 1.2443 0.1869 1.1843 0.1730 1.1725 0.1713 1.1717 0.1693 1.1689 0.1820 1.1788 0.1656 1.1673 0.2681 1.2600 0.2012 1.1959 0.1563 1.1556 0.1885 1.1934 0.1539 1.1533 0.1554 1.1540 
dot 15 0.1538 1.1527 0.1546 1.1533 0.1543 1.1560 0.1593 1.1571 0.2120 1.2058 0.1474 1.1484 0.1741 1.1787 0.1447 1.1453 0.2068 1.2004 0.1480 1.1510 0.1736 1.1687 0.1343 1.1345 0.1909 1.1848 0.1651 1.1604 0.2091 1.2020 0.1282 1.1271 0.1748 1.1808 0.1900 1.1835 0.1401 1.1437 0.1763 1.1705 
dot 15 0.1255 1.1242 0.1355 1.1390 0.1598 1.1652 0.1425 1.1468 0.1229 1.1252 0.2128 1.2049 0.1162 1.1157 0.1336 1.1374 0.1148 1.1141 0.1388 1.1433 0.1092 1.1092 0.1127 1.1112 0.1464 1.1527 0.1806 1.1725 0.1523 1.1452 0.1285 1.1353 0.1087 1.1144 0.1715 1.1620 0.1653 1.1554 0.1717 1.1822 
dot 15 0.1198 1.1112 0.2352 1.2230 0.1730 1.1622 0.1212 1.1310 0.1106 1.1202 0.1272 1.1374 0.1682 1.1568 0.1394 1.1286 0.1622 1.1745 0.1762 1.1890 
clear
gstate $g
translate 0 90
scale 0.03
text 15 0 0 {COOLED M=0.0171 DECAY=0.800}
text 15 0 -100 TARGET=-1
text 15 0 -200 BEST=2.021
text 15 0 -300 GENERATION=26
text 15 0 -500 PARENTS=-9266128936674546510708803659540666989570440318463045266854634092789923316019634195319186364987354661410697604753167801167177259691798259274535313963828899395054512892298208739898816592182784001477532694415068917387837429455519744.00
gstate $h
dot 15 0.2896 1.2893 0.2663 1.2661 0.2892 1.2942 0.2478 1.2481 0.2735 1.2787 0.2448 1.2486 0.2526 1.2482 0.2211 1.2197 0.2791 1.2854 0.2120 1.2126 0.2047 1.2054 0.2085 1.2103 0.2723 1.2790 0.2204 1.2171 0.2004 1.2005 0.2016 1.2027 0.2000 1.2013 0.2106 1.2140 0.2058 1.2032 0.2386 1.2443 
dot 15 0.2026 1.2061 0.2584 1.2518 0.2426 1.2488 0.1850 1.1873 0.2516 1.2586 0.1869 1.1843 0.1957 1.1920 0.1740 1.1753 0.1730 1.1725 0.1727 1.1734 0.2154 1.2209 0.1713 1.1717 0.1693 1.1689 0.1878 1.1915 0.1820 1.1788 0.2301 1.2367 0.1656 1.1673 0.2681 1.2600 0.2012 1.1959 0.1563 1.1556 
dot 15 0.1885 1.1934 0.1539 1.1533 0.1540 1.1529 0.1554 1.1540 0.2531 1.2615 0.1469 1.1464 0.2053 1.1991 0.2095 1.2031 0.2053 1.1990 0.1622 1.1584 0.2274 1.2352 0.1461 1.1487 0.2051 1.1985 0.1968 1.1906 0.1545 1.1584 0.1996 1.2066 0.1541 1.1501 0.1772 1.1712 0.1624 1.1573 0.1547 1.1500 
dot 15 0.1578 1.1632 0.1664 1.1605 0.1698 1.1764 0.1334 1.1293 0.2062 1.1978 0.1982 1.1900 0.1568 1.1503 0.2504 1.2403 0.2361 1.2462 0.2292 1.2395 
clear
gstate $g
translate 0 90
scale 0.03
text 15 0 0 {COOLED M=0.0137 DECAY=0.800}
text 15 0 -100 TARGET=-1
text 15 0 -200 BEST=2.021
text 15 0 -300 GENERATION=27
text 15 0 -500 PARENTS=-9266128936674546510708803659540666989570440318463045266854634092789923316019634195319186364987354661410697604753167801167177259691798259274535313963828899395054512892298208739898816592182784001477532694415068917387837429455519744.00
gstate $h
dot 15 0.2896 1.2893 0.2958 1.2935 0.2882 1.2861 0.2770 1.2779 0.2780 1.2793 0.2714 1.2720 0.2820 1.2847 0.2943 1.2907 0.2663 1.2661 0.2824 1.2792 0.2887 1.2849 0.2708 1.2686 0.2765 1.2804 0.2509 1.2511 0.2872 1.2921 0.2574 1.2553 0.2892 1.2942 0.2718 1.2682 0.2478 1.2481 0.2465 1.2442 
dot 15 0.2690 1.2738 0.2735 1.2787 0.2331 1.2317 0.2575 1.2620 0.2682 1.2734 0.2468 1.2432 0.2448 1.2486 0.2218 1.2227 0.2227 1.2217 0.2305 1.2281 0.2452 1.2414 0.2526 1.2482 0.2192 1.2188 0.2211 1.2197 0.2791 1.2854 0.2305 1.2339 0.2120 1.2126 0.2124 1.2118 0.2830 1.2897 0.2135 1.2124 
dot 15 0.2110 1.2119 0.2216 1.2190 0.2071 1.2070 0.2117 1.2138 0.2588 1.2647 0.2943 1.2871 0.2047 1.2054 0.2085 1.2103 0.2159 1.2133 0.2723 1.2790 0.2204 1.2171 0.2022 1.2017 0.2004 1.2005 0.2016 1.2027 0.2000 1.2013 0.2106 1.2140 0.2058 1.2032 0.2447 1.2392 0.1958 1.1974 0.1987 1.2011 
dot 15 0.2066 1.2035 0.2386 1.2443 0.1944 1.1965 0.1947 1.1927 0.2132 1.2090 0.2028 1.2069 0.2008 1.1972 0.2108 1.2063 0.1919 1.1886 0.3055 1.2966 
clear
gstate $g
translate 0 90
scale 0.03
text 15 0 0 {COOLED M=0.0109 DECAY=0.800}
text 15 0 -100 TARGET=-1
text 15 0 -200 BEST=1.968
text 15 0 -300 GENERATION=28
text 15 0 -500 PARENTS=-9266128936674546510708803659540666989570440318463045266854634092789923316019634195319186364987354661410697604753167801167177259691798259274535313963828899395054512892298208739898816592182784001477532694415068917387837429455519744.00
gstate $h
dot 15 0.2986 1.2985 0.3015 1.3001 0.2947 1.2946 0.2904 1.2905 0.2915 1.2905 0.2896 1.2893 0.2864 1.2864 0.2958 1.2935 0.2866 1.2880 0.2881 1.2867 0.2860 1.2874 0.2834 1.2823 0.2882 1.2861 0.2831 1.2851 0.2954 1.2988 0.2770 1.2779 0.2975 1.3011 0.2780 1.2793 0.2802 1.2820 0.2780 1.2766 
dot 15 0.2887 1.2859 0.2824 1.2803 0.2924 1.2892 0.2740 1.2751 0.2798 1.2820 0.2771 1.2755 0.2714 1.2720 0.2820 1.2847 0.2743 1.2729 0.2943 1.2907 0.2817 1.2791 0.2849 1.2819 0.2914 1.2877 0.2753 1.2778 0.2663 1.2661 0.2756 1.2732 0.2651 1.2658 0.2648 1.2644 0.2767 1.2742 0.2824 1.2792 
dot 15 0.2769 1.2741 0.2887 1.2849 0.2708 1.2686 0.2698 1.2677 0.2861 1.2824 0.2869 1.2910 0.2790 1.2757 0.2815 1.2854 0.2697 1.2668 0.2765 1.2804 0.2744 1.2709 0.2509 1.2511 0.2872 1.2921 0.2879 1.2928 0.2574 1.2553 0.2892 1.2942 0.2718 1.2682 0.2478 1.2481 0.2704 1.2744 0.2777 1.2822 
dot 15 0.2507 1.2527 0.2833 1.2786 0.2732 1.2691 0.2685 1.2727 0.2915 1.2862 0.2792 1.2842 0.2465 1.2442 0.2914 1.2974 0.2835 1.2891 0.2506 1.2473 
clear
gstate $g
translate 0 90
scale 0.03
text 15 0 0 {COOLED M=0.0088 DECAY=0.800}
text 15 0 -100 TARGET=-1
text 15 0 -200 BEST=1.947
text 15 0 -300 GENERATION=29
text 15 0 -500 PARENTS=-9266128936674546510708803659540666989570440318463045266854634092789923316019634195319186364987354661410697604753167801167177259691798259274535313963828899395054512892298208739898816592182784001477532694415068917387837429455519744.00
gstate $h
dot 15 0.3166 1.3139 0.3104 1.3082 0.2994 1.2990 0.3016 1.3005 0.2986 1.2985 0.3015 1.3001 0.2999 1.2984 0.2947 1.2946 0.2933 1.2937 0.2934 1.2929 0.2994 1.3016 0.2904 1.2905 0.2919 1.2931 0.3052 1.3083 0.2898 1.2895 0.2915 1.2905 0.2896 1.2893 0.2909 1.2898 0.2943 1.2926 0.2891 1.2882 
dot 15 0.2864 1.2864 0.2920 1.2939 0.2958 1.2935 0.2866 1.2880 0.2881 1.2867 0.2860 1.2874 0.2866 1.2882 0.2831 1.2835 0.2829 1.2832 0.2972 1.2944 0.2810 1.2806 0.2834 1.2823 0.2882 1.2861 0.2933 1.2906 0.2849 1.2832 0.2880 1.2858 0.2839 1.2822 0.2964 1.2933 0.2831 1.2851 0.2845 1.2867 
dot 15 0.2954 1.2988 0.2770 1.2778 0.2926 1.2958 0.2770 1.2779 0.2975 1.3011 0.2780 1.2793 0.2802 1.2820 0.2770 1.2761 0.2854 1.2830 0.2806 1.2788 0.2780 1.2766 0.2885 1.2856 0.2875 1.2907 0.2863 1.2894 0.2699 1.2699 0.3014 1.3059 0.2711 1.2726 0.2848 1.2817 0.2723 1.2702 0.2873 1.2912 
dot 15 0.2849 1.2813 0.2848 1.2812 0.2979 1.2933 0.2802 1.2840 0.2717 1.2688 0.2790 1.2829 0.3003 1.3056 0.2930 1.2981 0.2737 1.2776 0.2708 1.2745 
clear
gstate $g
translate 0 90
scale 0.03
text 15 0 0 {COOLED M=0.0070 DECAY=0.800}
text 15 0 -100 TARGET=-1
text 15 0 -200 BEST=1.87
text 15 0 -300 GENERATION=30
text 15 0 -500 PARENTS=-9266128936674546510708803659540666989570440318463045266854634092789923316019634195319186364987354661410697604753167801167177259691798259274535313963828899395054512892298208739898816592182784001477532694415068917387837429455519744.00
gstate $h
dot 15 0.3194 1.3182 0.3201 1.3186 0.3117 1.3123 0.3137 1.3120 0.3058 1.3063 0.3065 1.3075 0.3054 1.3045 0.3037 1.3031 0.3166 1.3139 0.3104 1.3082 0.2994 1.2990 0.3016 1.3005 0.2986 1.2985 0.3000 1.2992 0.2987 1.2995 0.2984 1.2990 0.3015 1.3001 0.3127 1.3158 0.2966 1.2962 0.2956 1.2958 
dot 15 0.2999 1.2984 0.2999 1.3017 0.2947 1.2946 0.2935 1.2939 0.2967 1.2954 0.2933 1.2937 0.2934 1.2929 0.2994 1.3016 0.2999 1.2979 0.2936 1.2927 0.2925 1.2919 0.2912 1.2911 0.3112 1.3147 0.3032 1.3006 0.2904 1.2905 0.2919 1.2931 0.3052 1.3083 0.3041 1.3071 0.2898 1.2895 0.2915 1.2905 
dot 15 0.2896 1.2893 0.2887 1.2885 0.2909 1.2898 0.2943 1.2926 0.2966 1.2990 0.2891 1.2882 0.2904 1.2890 0.2977 1.3005 0.2939 1.2918 0.2932 1.2957 0.3023 1.3058 0.2854 1.2867 0.2968 1.2941 0.2833 1.2842 0.2938 1.2965 0.2939 1.2966 0.3003 1.2972 0.2962 1.2993 0.2823 1.2835 0.3103 1.3062 
dot 15 0.2903 1.2878 0.2975 1.2943 0.2924 1.2894 0.3056 1.3100 0.2934 1.2969 0.2804 1.2826 0.3038 1.3081 0.2835 1.2810 0.3079 1.3125 0.2865 1.2895 
clear
gstate $g
translate 0 90
scale 0.03
text 15 0 0 {COOLED M=0.0056 DECAY=0.800}
text 15 0 -100 TARGET=-1
text 15 0 -200 BEST=1.838
text 15 0 -300 GENERATION=31
text 15 0 -500 PARENTS=-9266128936674546510708803659540666989570440318463045266854634092789923316019634195319186364987354661410697604753167801167177259691798259274535313963828899395054512892298208739898816592182784001477532694415068917387837429455519744.00
gstate $h
dot 15 0.3221 1.3222 0.3218 1.3221 0.3202 1.3209 0.3250 1.3234 0.3194 1.3182 0.3176 1.3167 0.3201 1.3186 0.3169 1.3159 0.3117 1.3123 0.3142 1.3158 0.3145 1.3161 0.3120 1.3111 0.3104 1.3098 0.3126 1.3114 0.3093 1.3098 0.3137 1.3120 0.3089 1.3081 0.3149 1.3130 0.3074 1.3068 0.3173 1.3149 
dot 15 0.3058 1.3063 0.3054 1.3054 0.3065 1.3075 0.3049 1.3049 0.3081 1.3097 0.3037 1.3040 0.3054 1.3045 0.3060 1.3048 0.3037 1.3031 0.3166 1.3139 0.3048 1.3063 0.3016 1.3015 0.3041 1.3056 0.3104 1.3082 0.3030 1.3020 0.3035 1.3022 0.2997 1.2997 0.3054 1.3037 0.2994 1.2990 0.3016 1.3005 
dot 15 0.3004 1.3015 0.2986 1.2985 0.3086 1.3111 0.3000 1.2992 0.2987 1.2995 0.2984 1.2990 0.2978 1.2976 0.3015 1.3001 0.3127 1.3158 0.3118 1.3149 0.2966 1.2962 0.2962 1.2958 0.2956 1.2958 0.3037 1.3017 0.3007 1.3027 0.2944 1.2951 0.2968 1.2982 0.3095 1.3126 0.3070 1.3099 0.3052 1.3027 
dot 15 0.2927 1.2932 0.3070 1.3100 0.3061 1.3091 0.2997 1.3021 0.2957 1.2941 0.2943 1.2929 0.2945 1.2962 0.2968 1.2950 0.2959 1.2979 0.3119 1.3156 
clear
gstate $g
translate 0 90
scale 0.03
text 15 0 0 {COOLED M=0.0045 DECAY=0.800}
text 15 0 -100 TARGET=-1
text 15 0 -200 BEST=1.817
text 15 0 -300 GENERATION=32
text 15 0 -500 PARENTS=-9266128936674546510708803659540666989570440318463045266854634092789923316019634195319186364987354661410697604753167801167177259691798259274535313963828899395054512892298208739898816592182784001477532694415068917387837429455519744.00
gstate $h
dot 15 0.3288 1.3277 0.3290 1.3275 0.3232 1.3239 0.3221 1.3222 0.3263 1.3248 0.3218 1.3221 0.3212 1.3206 0.3239 1.3226 0.3202 1.3209 0.3250 1.3234 0.3216 1.3231 0.3212 1.3200 0.3249 1.3230 0.3169 1.3168 0.3194 1.3182 0.3162 1.3168 0.3160 1.3164 0.3176 1.3167 0.3178 1.3168 0.3171 1.3182 
dot 15 0.3201 1.3186 0.3201 1.3186 0.3153 1.3158 0.3152 1.3158 0.3169 1.3159 0.3275 1.3249 0.3178 1.3165 0.3140 1.3148 0.3170 1.3157 0.3256 1.3283 0.3160 1.3148 0.3182 1.3166 0.3150 1.3163 0.3129 1.3126 0.3162 1.3148 0.3117 1.3123 0.3220 1.3197 0.3109 1.3114 0.3142 1.3158 0.3145 1.3161 
dot 15 0.3116 1.3125 0.3166 1.3149 0.3120 1.3111 0.3102 1.3108 0.3100 1.3105 0.3104 1.3098 0.3179 1.3159 0.3126 1.3114 0.3111 1.3102 0.3093 1.3098 0.3212 1.3187 0.3085 1.3084 0.3114 1.3102 0.3137 1.3120 0.3126 1.3111 0.3137 1.3120 0.3089 1.3081 0.3149 1.3130 0.3082 1.3093 0.3251 1.3220 
dot 15 0.3074 1.3068 0.3116 1.3135 0.3071 1.3064 0.3173 1.3149 0.3107 1.3125 0.3229 1.3261 0.3078 1.3091 0.3075 1.3065 0.3044 1.3042 0.3071 1.3085 
clear
gstate $g
translate 0 90
scale 0.03
text 15 0 0 {COOLED M=0.0036 DECAY=0.800}
text 15 0 -100 TARGET=-1
text 15 0 -200 BEST=1.793
text 15 0 -300 GENERATION=33
text 15 0 -500 PARENTS=-9266128936674546510708803659540666989570440318463045266854634092789923316019634195319186364987354661410697604753167801167177259691798259274535313963828899395054512892298208739898816592182784001477532694415068917387837429455519744.00
gstate $h
dot 15 0.3311 1.3318 0.3277 1.3276 0.3282 1.3291 0.3288 1.3277 0.3297 1.3313 0.3250 1.3247 0.3290 1.3275 0.3236 1.3242 0.3236 1.3243 0.3232 1.3239 0.3236 1.3230 0.3227 1.3234 0.3221 1.3222 0.3229 1.3223 0.3263 1.3248 0.3218 1.3221 0.3218 1.3218 0.3235 1.3247 0.3223 1.3232 0.3220 1.3214 
dot 15 0.3227 1.3219 0.3215 1.3209 0.3249 1.3235 0.3212 1.3206 0.3208 1.3203 0.3239 1.3226 0.3199 1.3202 0.3200 1.3206 0.3202 1.3209 0.3250 1.3234 0.3194 1.3190 0.3193 1.3199 0.3187 1.3187 0.3232 1.3218 0.3216 1.3231 0.3184 1.3184 0.3290 1.3267 0.3223 1.3239 0.3220 1.3207 0.3212 1.3200 
dot 15 0.3270 1.3249 0.3177 1.3176 0.3176 1.3178 0.3192 1.3203 0.3233 1.3216 0.3249 1.3230 0.3228 1.3247 0.3206 1.3193 0.3186 1.3178 0.3169 1.3168 0.3185 1.3176 0.3263 1.3288 0.3242 1.3223 0.3192 1.3206 0.3194 1.3182 0.3177 1.3169 0.3164 1.3160 0.3162 1.3168 0.3160 1.3164 0.3193 1.3180 
dot 15 0.3170 1.3181 0.3176 1.3167 0.3178 1.3168 0.3171 1.3182 0.3207 1.3191 0.3182 1.3197 0.3239 1.3218 0.3172 1.3162 0.3234 1.3257 0.3164 1.3155 
clear
gstate $g
translate 0 90
scale 0.03
text 15 0 0 {COOLED M=0.0029 DECAY=0.800}
text 15 0 -100 TARGET=-1
text 15 0 -200 BEST=1.781
text 15 0 -300 GENERATION=34
text 15 0 -500 PARENTS=-9266128936674546510708803659540666989570440318463045266854634092789923316019634195319186364987354661410697604753167801167177259691798259274535313963828899395054512892298208739898816592182784001477532694415068917387837429455519744.00
gstate $h
dot 15 0.3338 1.3346 0.3315 1.3317 0.3312 1.3309 0.3317 1.3326 0.3311 1.3318 0.3333 1.3349 0.3332 1.3348 0.3280 1.3281 0.3277 1.3276 0.3285 1.3279 0.3299 1.3311 0.3276 1.3281 0.3282 1.3291 0.3277 1.3285 0.3270 1.3274 0.3272 1.3268 0.3266 1.3263 0.3261 1.3264 0.3288 1.3277 0.3277 1.3269 
dot 15 0.3282 1.3295 0.3258 1.3260 0.3262 1.3269 0.3257 1.3259 0.3297 1.3313 0.3291 1.3278 0.3271 1.3284 0.3277 1.3266 0.3319 1.3340 0.3250 1.3247 0.3275 1.3263 0.3245 1.3248 0.3306 1.3326 0.3287 1.3304 0.3290 1.3275 0.3261 1.3251 0.3243 1.3250 0.3253 1.3264 0.3254 1.3245 0.3236 1.3242 
dot 15 0.3264 1.3252 0.3236 1.3243 0.3290 1.3273 0.3236 1.3244 0.3282 1.3266 0.3232 1.3239 0.3287 1.3307 0.3226 1.3229 0.3236 1.3230 0.3309 1.3289 0.3236 1.3246 0.3261 1.3248 0.3239 1.3231 0.3227 1.3234 0.3244 1.3256 0.3234 1.3227 0.3221 1.3222 0.3225 1.3231 0.3220 1.3221 0.3229 1.3223 
dot 15 0.3218 1.3220 0.3263 1.3248 0.3218 1.3221 0.3218 1.3218 0.3218 1.3216 0.3235 1.3247 0.3217 1.3222 0.3223 1.3232 0.3220 1.3214 0.3213 1.3219 
clear
gstate $g
translate 0 90
scale 0.03
text 15 0 0 {COOLED M=0.0023 DECAY=0.800}
text 15 0 -100 TARGET=-1
text 15 0 -200 BEST=1.774
text 15 0 -300 GENERATION=35
text 15 0 -500 PARENTS=-9266128936674546510708803659540666989570440318463045266854634092789923316019634195319186364987354661410697604753167801167177259691798259274535313963828899395054512892298208739898816592182784001477532694415068917387837429455519744.00
gstate $h
dot 15 0.3352 1.3361 0.3354 1.3346 0.3360 1.3348 0.3338 1.3346 0.3353 1.3342 0.3329 1.3324 0.3361 1.3348 0.3315 1.3317 0.3326 1.3320 0.3319 1.3326 0.3312 1.3312 0.3317 1.3325 0.3312 1.3309 0.3315 1.3323 0.3317 1.3326 0.3311 1.3318 0.3306 1.3304 0.3337 1.3323 0.3316 1.3306 0.3293 1.3294 
dot 15 0.3333 1.3349 0.3292 1.3293 0.3302 1.3296 0.3296 1.3293 0.3377 1.3356 0.3332 1.3348 0.3346 1.3365 0.3288 1.3291 0.3312 1.3326 0.3287 1.3285 0.3294 1.3304 0.3280 1.3281 0.3295 1.3287 0.3322 1.3308 0.3288 1.3297 0.3277 1.3276 0.3287 1.3297 0.3285 1.3279 0.3299 1.3311 0.3276 1.3281 
dot 15 0.3289 1.3281 0.3274 1.3272 0.3272 1.3274 0.3282 1.3291 0.3275 1.3271 0.3277 1.3285 0.3301 1.3290 0.3311 1.3327 0.3270 1.3274 0.3281 1.3291 0.3272 1.3268 0.3272 1.3268 0.3316 1.3301 0.3287 1.3299 0.3267 1.3264 0.3266 1.3263 0.3295 1.3309 0.3277 1.3287 0.3262 1.3264 0.3262 1.3266 
dot 15 0.3261 1.3264 0.3288 1.3277 0.3277 1.3269 0.3274 1.3284 0.3349 1.3328 0.3359 1.3337 0.3309 1.3327 0.3259 1.3255 0.3287 1.3275 0.3340 1.3320 
clear
gstate $g
translate 0 90
scale 0.03
text 15 0 0 {COOLED M=0.0018 DECAY=0.800}
text 15 0 -100 TARGET=-1
text 15 0 -200 BEST=1.764
text 15 0 -300 GENERATION=36
text 15 0 -500 PARENTS=-9266128936674546510708803659540666989570440318463045266854634092789923316019634195319186364987354661410697604753167801167177259691798259274535313963828899395054512892298208739898816592182784001477532694415068917387837429455519744.00
gstate $h
dot 15 0.3378 1.3369 0.3381 1.3370 0.3356 1.3355 0.3357 1.3364 0.3351 1.3353 0.3372 1.3362 0.3358 1.3366 0.3369 1.3360 0.3347 1.3353 0.3393 1.3378 0.3344 1.3350 0.3352 1.3361 0.3356 1.3348 0.3346 1.3341 0.3354 1.3346 0.3337 1.3336 0.3337 1.3334 0.3333 1.3334 0.3334 1.3333 0.3333 1.3334 
dot 15 0.3335 1.3331 0.3360 1.3348 0.3334 1.3331 0.3335 1.3330 0.3338 1.3346 0.3337 1.3331 0.3353 1.3342 0.3347 1.3337 0.3329 1.3325 0.3356 1.3371 0.3329 1.3324 0.3361 1.3348 0.3337 1.3347 0.3330 1.3339 0.3320 1.3320 0.3348 1.3337 0.3347 1.3336 0.3328 1.3336 0.3347 1.3336 0.3354 1.3341 
dot 15 0.3335 1.3327 0.3326 1.3320 0.3319 1.3323 0.3322 1.3330 0.3322 1.3317 0.3315 1.3317 0.3361 1.3378 0.3326 1.3320 0.3321 1.3328 0.3317 1.3314 0.3320 1.3328 0.3319 1.3326 0.3312 1.3312 0.3311 1.3312 0.3334 1.3347 0.3315 1.3321 0.3345 1.3360 0.3311 1.3316 0.3317 1.3325 0.3309 1.3311 
dot 15 0.3320 1.3329 0.3312 1.3309 0.3315 1.3323 0.3314 1.3309 0.3309 1.3315 0.3334 1.3323 0.3317 1.3326 0.3311 1.3318 0.3306 1.3304 0.3333 1.3322 
clear
gstate $g
translate 0 90
scale 0.03
text 15 0 0 {COOLED M=0.0015 DECAY=0.800}
text 15 0 -100 TARGET=-1
text 15 0 -200 BEST=1.751
text 15 0 -300 GENERATION=37
text 15 0 -500 PARENTS=-9266128936674546510708803659540666989570440318463045266854634092789923316019634195319186364987354661410697604753167801167177259691798259274535313963828899395054512892298208739898816592182784001477532694415068917387837429455519744.00
gstate $h
dot 15 0.3384 1.3386 0.3389 1.3384 0.3382 1.3382 0.3383 1.3380 0.3383 1.3379 0.3378 1.3378 0.3370 1.3373 0.3368 1.3370 0.3378 1.3386 0.3366 1.3366 0.3365 1.3369 0.3373 1.3367 0.3381 1.3372 0.3367 1.3374 0.3360 1.3361 0.3359 1.3361 0.3362 1.3367 0.3378 1.3369 0.3359 1.3358 0.3363 1.3359 
dot 15 0.3362 1.3369 0.3370 1.3380 0.3381 1.3370 0.3356 1.3355 0.3355 1.3356 0.3354 1.3357 0.3367 1.3360 0.3383 1.3372 0.3357 1.3364 0.3355 1.3353 0.3353 1.3352 0.3355 1.3360 0.3355 1.3360 0.3354 1.3359 0.3351 1.3353 0.3374 1.3364 0.3389 1.3376 0.3372 1.3362 0.3360 1.3369 0.3356 1.3351 
dot 15 0.3358 1.3366 0.3351 1.3356 0.3355 1.3350 0.3369 1.3360 0.3344 1.3345 0.3349 1.3345 0.3347 1.3353 0.3343 1.3345 0.3374 1.3362 0.3343 1.3342 0.3355 1.3348 0.3352 1.3346 0.3379 1.3366 0.3393 1.3378 0.3344 1.3350 0.3352 1.3346 0.3352 1.3361 0.3382 1.3368 0.3374 1.3362 0.3347 1.3355 
dot 15 0.3356 1.3348 0.3344 1.3340 0.3346 1.3341 0.3354 1.3346 0.3337 1.3336 0.3336 1.3337 0.3374 1.3361 0.3361 1.3351 0.3344 1.3351 0.3337 1.3336 
clear
gstate $g
translate 0 90
scale 0.03
text 15 0 0 {COOLED M=0.0012 DECAY=0.800}
text 15 0 -100 TARGET=-1
text 15 0 -200 BEST=1.748
text 15 0 -300 GENERATION=38
text 15 0 -500 PARENTS=-9266128936674546510708803659540666989570440318463045266854634092789923316019634195319186364987354661410697604753167801167177259691798259274535313963828899395054512892298208739898816592182784001477532694415068917387837429455519744.00
gstate $h
dot 15 0.3389 1.3391 0.3392 1.3399 0.3388 1.3391 0.3387 1.3387 0.3388 1.3385 0.3385 1.3388 0.3384 1.3386 0.3387 1.3384 0.3389 1.3384 0.3382 1.3383 0.3382 1.3382 0.3384 1.3390 0.3382 1.3380 0.3383 1.3380 0.3380 1.3381 0.3381 1.3379 0.3383 1.3379 0.3378 1.3378 0.3378 1.3381 0.3382 1.3378 
dot 15 0.3378 1.3376 0.3385 1.3380 0.3375 1.3377 0.3378 1.3384 0.3380 1.3388 0.3383 1.3377 0.3384 1.3377 0.3382 1.3376 0.3378 1.3373 0.3388 1.3399 0.3371 1.3372 0.3370 1.3370 0.3373 1.3379 0.3370 1.3373 0.3369 1.3370 0.3375 1.3371 0.3370 1.3368 0.3397 1.3386 0.3372 1.3369 0.3368 1.3370 
dot 15 0.3378 1.3386 0.3368 1.3372 0.3377 1.3371 0.3369 1.3366 0.3366 1.3366 0.3366 1.3366 0.3373 1.3368 0.3368 1.3373 0.3378 1.3371 0.3372 1.3379 0.3370 1.3366 0.3365 1.3369 0.3367 1.3373 0.3370 1.3377 0.3372 1.3380 0.3363 1.3364 0.3373 1.3367 0.3363 1.3364 0.3377 1.3369 0.3366 1.3372 
dot 15 0.3362 1.3362 0.3381 1.3372 0.3367 1.3374 0.3360 1.3361 0.3399 1.3386 0.3361 1.3360 0.3367 1.3362 0.3363 1.3368 0.3361 1.3366 0.3365 1.3361 
clear
gstate $g
translate 0 90
scale 0.03
text 15 0 0 {COOLED M=0.0009 DECAY=0.800}
text 15 0 -100 TARGET=-1
text 15 0 -200 BEST=1.738
text 15 0 -300 GENERATION=39
text 15 0 -500 PARENTS=-9266128936674546510708803659540666989570440318463045266854634092789923316019634195319186364987354661410697604753167801167177259691798259274535313963828899395054512892298208739898816592182784001477532694415068917387837429455519744.00
gstate $h
dot 15 0.3409 1.3409 0.3400 1.3400 0.3399 1.3401 0.3399 1.3402 0.3398 1.3396 0.3399 1.3394 0.3396 1.3392 0.3394 1.3400 0.3393 1.3390 0.3390 1.3390 0.3390 1.3392 0.3389 1.3391 0.3390 1.3394 0.3389 1.3393 0.3395 1.3390 0.3392 1.3398 0.3392 1.3399 0.3388 1.3391 0.3390 1.3395 0.3387 1.3387 
dot 15 0.3387 1.3386 0.3386 1.3386 0.3389 1.3386 0.3394 1.3402 0.3390 1.3386 0.3386 1.3386 0.3388 1.3385 0.3385 1.3388 0.3384 1.3386 0.3394 1.3388 0.3385 1.3384 0.3387 1.3384 0.3399 1.3391 0.3396 1.3389 0.3383 1.3387 0.3384 1.3382 0.3389 1.3384 0.3385 1.3389 0.3384 1.3388 0.3382 1.3383 
dot 15 0.3382 1.3382 0.3388 1.3395 0.3388 1.3383 0.3395 1.3388 0.3385 1.3382 0.3382 1.3386 0.3384 1.3390 0.3390 1.3384 0.3384 1.3381 0.3389 1.3384 0.3382 1.3380 0.3383 1.3380 0.3380 1.3381 0.3380 1.3383 0.3381 1.3379 0.3384 1.3390 0.3383 1.3379 0.3378 1.3380 0.3382 1.3388 0.3386 1.3381 
dot 15 0.3381 1.3378 0.3378 1.3378 0.3386 1.3393 0.3378 1.3381 0.3377 1.3380 0.3386 1.3381 0.3379 1.3384 0.3383 1.3378 0.3390 1.3383 0.3382 1.3378 
clear
gstate $g
translate 0 90
scale 0.03
text 15 0 0 {COOLED M=0.0008 DECAY=0.800}
text 15 0 -100 TARGET=-1
text 15 0 -200 BEST=1.738
text 15 0 -300 GENERATION=40
text 15 0 -500 PARENTS=-9266128936674546510708803659540666989570440318463045266854634092789923316019634195319186364987354661410697604753167801167177259691798259274535313963828899395054512892298208739898816592182784001477532694415068917387837429455519744.00
gstate $h
dot 15 0.3409 1.3409 0.3409 1.3408 0.3408 1.3409 0.3407 1.3407 0.3406 1.3406 0.3408 1.3405 0.3404 1.3406 0.3404 1.3405 0.3400 1.3400 0.3401 1.3400 0.3399 1.3401 0.3399 1.3402 0.3414 1.3406 0.3399 1.3398 0.3398 1.3399 0.3402 1.3408 0.3409 1.3402 0.3397 1.3400 0.3396 1.3400 0.3398 1.3396 
dot 15 0.3400 1.3396 0.3412 1.3404 0.3397 1.3395 0.3397 1.3395 0.3396 1.3400 0.3395 1.3394 0.3396 1.3394 0.3398 1.3404 0.3395 1.3393 0.3393 1.3396 0.3396 1.3393 0.3394 1.3393 0.3395 1.3399 0.3396 1.3402 0.3393 1.3392 0.3394 1.3398 0.3392 1.3394 0.3393 1.3396 0.3407 1.3399 0.3392 1.3394 
dot 15 0.3395 1.3400 0.3395 1.3392 0.3394 1.3399 0.3402 1.3396 0.3399 1.3394 0.3391 1.3391 0.3396 1.3392 0.3396 1.3392 0.3414 1.3404 0.3390 1.3393 0.3394 1.3400 0.3393 1.3390 0.3394 1.3400 0.3390 1.3390 0.3396 1.3403 0.3390 1.3392 0.3402 1.3395 0.3389 1.3391 0.3389 1.3390 0.3389 1.3391 
dot 15 0.3393 1.3399 0.3390 1.3394 0.3389 1.3393 0.3395 1.3390 0.3392 1.3398 0.3392 1.3398 0.3403 1.3396 0.3403 1.3413 0.3392 1.3399 0.3388 1.3391 
clear
gstate $g
translate 0 90
scale 0.03
text 15 0 0 {COOLED M=0.0006 DECAY=0.800}
text 15 0 -100 TARGET=-1
text 15 0 -200 BEST=1.735
text 15 0 -300 GENERATION=41
text 15 0 -500 PARENTS=-9266128936674546510708803659540666989570440318463045266854634092789923316019634195319186364987354661410697604753167801167177259691798259274535313963828899395054512892298208739898816592182784001477532694415068917387837429455519744.00
gstate $h
dot 15 0.3414 1.3417 0.3411 1.3411 0.3411 1.3411 0.3413 1.3411 0.3411 1.3410 0.3410 1.3411 0.3411 1.3416 0.3409 1.3410 0.3409 1.3409 0.3408 1.3410 0.3411 1.3408 0.3410 1.3415 0.3408 1.3408 0.3409 1.3408 0.3411 1.3408 0.3408 1.3409 0.3411 1.3417 0.3410 1.3407 0.3406 1.3408 0.3407 1.3407 
dot 15 0.3407 1.3410 0.3408 1.3406 0.3407 1.3407 0.3406 1.3407 0.3406 1.3406 0.3406 1.3406 0.3407 1.3412 0.3408 1.3406 0.3414 1.3408 0.3405 1.3408 0.3405 1.3408 0.3408 1.3405 0.3404 1.3406 0.3405 1.3405 0.3408 1.3414 0.3404 1.3404 0.3406 1.3404 0.3404 1.3405 0.3408 1.3414 0.3403 1.3403 
dot 15 0.3403 1.3403 0.3403 1.3407 0.3411 1.3419 0.3403 1.3403 0.3402 1.3403 0.3402 1.3403 0.3403 1.3402 0.3418 1.3410 0.3403 1.3408 0.3403 1.3402 0.3404 1.3409 0.3406 1.3402 0.3407 1.3403 0.3415 1.3408 0.3405 1.3402 0.3401 1.3401 0.3410 1.3404 0.3401 1.3401 0.3401 1.3403 0.3402 1.3406 
dot 15 0.3401 1.3400 0.3400 1.3401 0.3402 1.3407 0.3402 1.3407 0.3402 1.3400 0.3400 1.3400 0.3407 1.3402 0.3401 1.3400 0.3400 1.3402 0.3400 1.3402 
clear
gstate $g
translate 0 90
scale 0.03
text 15 0 0 {COOLED M=0.0005 DECAY=0.800}
text 15 0 -100 TARGET=-1
text 15 0 -200 BEST=1.733
text 15 0 -300 GENERATION=42
text 15 0 -500 PARENTS=-9266128936674546510708803659540666989570440318463045266854634092789923316019634195319186364987354661410697604753167801167177259691798259274535313963828899395054512892298208739898816592182784001477532694415068917387837429455519744.00
gstate $h
dot 15 0.3419 1.3418 0.3418 1.3419 0.3423 1.3419 0.3417 1.3422 0.3416 1.3421 0.3417 1.3414 0.3414 1.3416 0.3416 1.3414 0.3414 1.3417 0.3414 1.3417 0.3414 1.3414 0.3414 1.3414 0.3415 1.3419 0.3417 1.3414 0.3413 1.3415 0.3414 1.3413 0.3415 1.3420 0.3413 1.3416 0.3413 1.3414 0.3414 1.3412 
dot 15 0.3415 1.3413 0.3413 1.3412 0.3412 1.3415 0.3412 1.3413 0.3412 1.3414 0.3413 1.3412 0.3415 1.3421 0.3415 1.3412 0.3414 1.3419 0.3411 1.3412 0.3411 1.3412 0.3413 1.3417 0.3421 1.3415 0.3411 1.3411 0.3412 1.3411 0.3416 1.3412 0.3411 1.3411 0.3411 1.3411 0.3413 1.3411 0.3413 1.3411 
dot 15 0.3411 1.3414 0.3411 1.3410 0.3411 1.3414 0.3412 1.3410 0.3411 1.3410 0.3410 1.3411 0.3410 1.3411 0.3410 1.3411 0.3413 1.3410 0.3410 1.3411 0.3410 1.3410 0.3413 1.3410 0.3421 1.3414 0.3410 1.3410 0.3411 1.3416 0.3409 1.3410 0.3418 1.3412 0.3409 1.3409 0.3409 1.3410 0.3409 1.3412 
dot 15 0.3417 1.3425 0.3412 1.3409 0.3408 1.3410 0.3415 1.3410 0.3421 1.3414 0.3408 1.3409 0.3408 1.3411 0.3408 1.3410 0.3415 1.3410 0.3411 1.3408 
clear
gstate $g
translate 0 90
scale 0.03
text 15 0 0 {COOLED M=0.0004 DECAY=0.800}
text 15 0 -100 TARGET=-1
text 15 0 -200 BEST=1.729
text 15 0 -300 GENERATION=43
text 15 0 -500 PARENTS=-9266128936674546510708803659540666989570440318463045266854634092789923316019634195319186364987354661410697604753167801167177259691798259274535313963828899395054512892298208739898816592182784001477532694415068917387837429455519744.00
gstate $h
dot 15 0.3426 1.3425 0.3427 1.3424 0.3425 1.3422 0.3421 1.3424 0.3421 1.3421 0.3420 1.3421 0.3420 1.3421 0.3420 1.3420 0.3419 1.3421 0.3422 1.3427 0.3419 1.3421 0.3419 1.3419 0.3420 1.3419 0.3419 1.3418 0.3419 1.3418 0.3419 1.3418 0.3419 1.3418 0.3418 1.3421 0.3423 1.3419 0.3419 1.3418 
dot 15 0.3418 1.3419 0.3423 1.3419 0.3418 1.3418 0.3422 1.3418 0.3419 1.3424 0.3423 1.3419 0.3417 1.3418 0.3417 1.3418 0.3420 1.3417 0.3420 1.3417 0.3420 1.3425 0.3417 1.3419 0.3416 1.3418 0.3417 1.3416 0.3416 1.3417 0.3416 1.3418 0.3419 1.3416 0.3416 1.3417 0.3420 1.3417 0.3420 1.3417 
dot 15 0.3416 1.3416 0.3416 1.3416 0.3416 1.3419 0.3416 1.3415 0.3417 1.3421 0.3418 1.3416 0.3420 1.3416 0.3415 1.3418 0.3415 1.3418 0.3416 1.3415 0.3416 1.3420 0.3415 1.3416 0.3415 1.3416 0.3419 1.3425 0.3419 1.3415 0.3415 1.3415 0.3421 1.3416 0.3420 1.3416 0.3415 1.3417 0.3414 1.3416 
dot 15 0.3419 1.3415 0.3417 1.3422 0.3416 1.3421 0.3418 1.3415 0.3417 1.3414 0.3414 1.3416 0.3414 1.3417 0.3417 1.3414 0.3415 1.3419 0.3416 1.3414 
clear
gstate $g
translate 0 90
scale 0.03
text 15 0 0 {COOLED M=0.0003 DECAY=0.800}
text 15 0 -100 TARGET=-1
text 15 0 -200 BEST=1.728
text 15 0 -300 GENERATION=44
text 15 0 -500 PARENTS=-9266128936674546510708803659540666989570440318463045266854634092789923316019634195319186364987354661410697604753167801167177259691798259274535313963828899395054512892298208739898816592182784001477532694415068917387837429455519744.00
gstate $h
dot 15 0.3428 1.3428 0.3429 1.3427 0.3427 1.3427 0.3427 1.3429 0.3426 1.3425 0.3429 1.3426 0.3426 1.3425 0.3425 1.3428 0.3426 1.3425 0.3426 1.3424 0.3425 1.3424 0.3424 1.3425 0.3425 1.3424 0.3424 1.3424 0.3427 1.3424 0.3424 1.3423 0.3424 1.3423 0.3424 1.3423 0.3423 1.3423 0.3425 1.3430 
dot 15 0.3422 1.3424 0.3423 1.3422 0.3422 1.3425 0.3423 1.3425 0.3424 1.3422 0.3422 1.3422 0.3422 1.3423 0.3425 1.3422 0.3429 1.3424 0.3425 1.3422 0.3422 1.3423 0.3422 1.3423 0.3422 1.3422 0.3423 1.3426 0.3422 1.3421 0.3421 1.3422 0.3428 1.3423 0.3421 1.3423 0.3422 1.3425 0.3421 1.3423 
dot 15 0.3422 1.3421 0.3423 1.3421 0.3421 1.3422 0.3425 1.3422 0.3422 1.3421 0.3421 1.3421 0.3421 1.3421 0.3421 1.3421 0.3423 1.3421 0.3421 1.3421 0.3421 1.3424 0.3421 1.3421 0.3422 1.3420 0.3420 1.3421 0.3422 1.3426 0.3428 1.3423 0.3420 1.3420 0.3421 1.3420 0.3420 1.3421 0.3420 1.3422 
dot 15 0.3420 1.3423 0.3422 1.3420 0.3420 1.3420 0.3421 1.3420 0.3420 1.3424 0.3420 1.3420 0.3419 1.3421 0.3419 1.3420 0.3420 1.3419 0.3419 1.3420 
clear
gstate $g
translate 0 90
scale 0.03
text 15 0 0 {COOLED M=0.0002 DECAY=0.800}
text 15 0 -100 TARGET=-1
text 15 0 -200 BEST=1.726
text 15 0 -300 GENERATION=45
text 15 0 -500 PARENTS=-9266128936674546510708803659540666989570440318463045266854634092789923316019634195319186364987354661410697604753167801167177259691798259274535313963828899395054512892298208739898816592182784001477532694415068917387837429455519744.00
gstate $h
dot 15 0.3430 1.3431 0.3430 1.3433 0.3430 1.3430 0.3430 1.3430 0.3431 1.3429 0.3431 1.3429 0.3429 1.3430 0.3430 1.3428 0.3428 1.3429 0.3428 1.3428 0.3428 1.3428 0.3429 1.3428 0.3428 1.3428 0.3430 1.3428 0.3427 1.3428 0.3427 1.3429 0.3430 1.3427 0.3428 1.3432 0.3429 1.3427 0.3431 1.3428 
dot 15 0.3427 1.3429 0.3427 1.3427 0.3427 1.3427 0.3427 1.3430 0.3431 1.3428 0.3427 1.3429 0.3427 1.3427 0.3429 1.3427 0.3428 1.3432 0.3427 1.3427 0.3429 1.3427 0.3431 1.3427 0.3427 1.3427 0.3429 1.3427 0.3427 1.3427 0.3428 1.3426 0.3428 1.3426 0.3426 1.3427 0.3426 1.3427 0.3427 1.3426 
dot 15 0.3431 1.3427 0.3426 1.3427 0.3426 1.3427 0.3427 1.3426 0.3430 1.3427 0.3430 1.3426 0.3426 1.3429 0.3426 1.3429 0.3426 1.3429 0.3425 1.3427 0.3426 1.3425 0.3429 1.3426 0.3428 1.3425 0.3426 1.3425 0.3426 1.3425 0.3425 1.3426 0.3425 1.3425 0.3425 1.3428 0.3426 1.3425 0.3427 1.3425 
dot 15 0.3425 1.3425 0.3426 1.3425 0.3425 1.3425 0.3424 1.3425 0.3424 1.3425 0.3427 1.3425 0.3426 1.3424 0.3426 1.3424 0.3425 1.3424 0.3430 1.3426 
clear
gstate $g
translate 0 90
scale 0.03
text 15 0 0 {COOLED M=0.0002 DECAY=0.800}
text 15 0 -100 TARGET=-1
text 15 0 -200 BEST=1.725
text 15 0 -300 GENERATION=46
text 15 0 -500 PARENTS=-9266128936674546510708803659540666989570440318463045266854634092789923316019634195319186364987354661410697604753167801167177259691798259274535313963828899395054512892298208739898816592182784001477532694415068917387837429455519744.00
gstate $h
clear